[gd_scene load_steps=32 format=3 uid="uid://bmlv4ygxete4q"]

[ext_resource type="PackedScene" uid="uid://nruofvxsxgo8" path="res://models/human_female.glb" id="1_5etnq"]
[ext_resource type="Script" uid="uid://lvhaelpdejpj" path="res://lib/character_scene.gd" id="2_onmyu"]
[ext_resource type="AnimationLibrary" uid="uid://fs2ykwolevfy" path="res://models/characters/humanoid/humanoid_animations.tres" id="3_spnwm"]

[sub_resource type="CapsuleShape3D" id="CapsuleShape3D_spnwm"]
radius = 0.185948
height = 0.551579

[sub_resource type="CapsuleShape3D" id="CapsuleShape3D_rcpg0"]
radius = 0.163248
height = 0.326496

[sub_resource type="CapsuleShape3D" id="CapsuleShape3D_jyv0f"]
radius = 0.0258881
height = 0.258881

[sub_resource type="CapsuleShape3D" id="CapsuleShape3D_6dabe"]
radius = 0.0256056
height = 0.256056

[sub_resource type="CapsuleShape3D" id="CapsuleShape3D_5ndae"]
radius = 0.0258881
height = 0.258881

[sub_resource type="CapsuleShape3D" id="CapsuleShape3D_4lvpb"]
radius = 0.0256056
height = 0.256056

[sub_resource type="CapsuleShape3D" id="CapsuleShape3D_155w1"]
radius = 0.0459622
height = 0.459622

[sub_resource type="CapsuleShape3D" id="CapsuleShape3D_htdfc"]
radius = 0.0407458
height = 0.29876

[sub_resource type="CapsuleShape3D" id="CapsuleShape3D_gm04t"]
radius = 0.0459622
height = 0.459622

[sub_resource type="CapsuleShape3D" id="CapsuleShape3D_diewo"]
radius = 0.0407458
height = 0.324124

[sub_resource type="CapsuleShape3D" id="CapsuleShape3D_yt1gq"]
radius = 0.21205
height = 1.76024

[sub_resource type="AnimationNodeAnimation" id="AnimationNodeAnimation_ghnjs"]
animation = &"humanoid_animations/combat_melee_1h_attack"

[sub_resource type="AnimationNodeBlend2" id="AnimationNodeBlend2_ghnjs"]
filter_enabled = true
filters = ["metarig/Skeleton3D:foot.L", "metarig/Skeleton3D:foot.R", "metarig/Skeleton3D:pelvis.L", "metarig/Skeleton3D:pelvis.R", "metarig/Skeleton3D:shin.L", "metarig/Skeleton3D:shin.R", "metarig/Skeleton3D:spine", "metarig/Skeleton3D:spine.001", "metarig/Skeleton3D:thigh.L", "metarig/Skeleton3D:thigh.R", "metarig/Skeleton3D:toe.L", "metarig/Skeleton3D:toe.R"]

[sub_resource type="AnimationNodeAnimation" id="AnimationNodeAnimation_uj8ym"]
animation = &"humanoid_animations/defend"

[sub_resource type="AnimationNodeAnimation" id="AnimationNodeAnimation_spnwm"]
animation = &"humanoid_animations/idle"
use_custom_timeline = true
timeline_length = 25.5833
stretch_time_scale = false
start_offset = 0.0
loop_mode = 1

[sub_resource type="AnimationNodeAnimation" id="AnimationNodeAnimation_onmyu"]
animation = &"humanoid_animations/idle_combat"
use_custom_timeline = true
timeline_length = 1.66667
stretch_time_scale = false
start_offset = 0.0
loop_mode = 1

[sub_resource type="AnimationNodeOneShot" id="AnimationNodeOneShot_spnwm"]
filter_enabled = true
filters = [".", "metarig/Skeleton3D:breast.L", "metarig/Skeleton3D:breast.R", "metarig/Skeleton3D:forearm.L", "metarig/Skeleton3D:forearm.R", "metarig/Skeleton3D:hand.L", "metarig/Skeleton3D:hand.R", "metarig/Skeleton3D:shoulder.L", "metarig/Skeleton3D:shoulder.R", "metarig/Skeleton3D:spine.002", "metarig/Skeleton3D:spine.003", "metarig/Skeleton3D:spine.004", "metarig/Skeleton3D:spine.005", "metarig/Skeleton3D:spine.006", "metarig/Skeleton3D:upper_arm.L", "metarig/Skeleton3D:upper_arm.R"]
fadein_time = 0.3
fadeout_time = 0.3

[sub_resource type="AnimationNodeTransition" id="AnimationNodeTransition_rcpg0"]
input_0/name = "MELEE_1H_ATTACK"
input_0/auto_advance = false
input_0/break_loop_at_end = true
input_0/reset = true
input_1/name = "READY_WEAPON"
input_1/auto_advance = false
input_1/break_loop_at_end = true
input_1/reset = true
input_2/name = "CAST_SELF"
input_2/auto_advance = false
input_2/break_loop_at_end = true
input_2/reset = true
input_3/name = "THROW"
input_3/auto_advance = false
input_3/break_loop_at_end = true
input_3/reset = true
input_4/name = "HIT"
input_4/auto_advance = false
input_4/break_loop_at_end = true
input_4/reset = true

[sub_resource type="AnimationNodeAnimation" id="AnimationNodeAnimation_rcpg0"]
animation = &"humanoid_animations/run"
use_custom_timeline = true
timeline_length = 1.04167
stretch_time_scale = false
start_offset = 0.0
loop_mode = 1

[sub_resource type="AnimationNodeBlend2" id="AnimationNodeBlend2_spnwm"]
filters = ["metarig/Skeleton3D:breast.L", "metarig/Skeleton3D:breast.R", "metarig/Skeleton3D:forearm.L", "metarig/Skeleton3D:forearm.R", "metarig/Skeleton3D:hand.L", "metarig/Skeleton3D:hand.R", "metarig/Skeleton3D:shoulder.L", "metarig/Skeleton3D:shoulder.R", "metarig/Skeleton3D:spine.002", "metarig/Skeleton3D:spine.003", "metarig/Skeleton3D:spine.004", "metarig/Skeleton3D:spine.005", "metarig/Skeleton3D:spine.006", "metarig/Skeleton3D:upper_arm.L", "metarig/Skeleton3D:upper_arm.R"]

[sub_resource type="AnimationNodeTransition" id="AnimationNodeTransition_onmyu"]
xfade_time = 0.5
input_0/name = "IDLE"
input_0/auto_advance = false
input_0/break_loop_at_end = false
input_0/reset = true
input_1/name = "COMBAT"
input_1/auto_advance = false
input_1/break_loop_at_end = false
input_1/reset = true
input_2/name = "DEFEND"
input_2/auto_advance = false
input_2/break_loop_at_end = false
input_2/reset = true

[sub_resource type="AnimationNodeTimeScale" id="AnimationNodeTimeScale_spnwm"]

[sub_resource type="AnimationNodeAnimation" id="AnimationNodeAnimation_7dijq"]
animation = &"humanoid_animations/walk_combat"
use_custom_timeline = true
timeline_length = 1.25
stretch_time_scale = false
start_offset = 0.0
loop_mode = 1

[sub_resource type="AnimationNodeAnimation" id="AnimationNodeAnimation_6dabe"]
animation = &"humanoid_animations/cast_self"

[sub_resource type="AnimationNodeAnimation" id="AnimationNodeAnimation_jyv0f"]
animation = &"humanoid_animations/hit"

[sub_resource type="AnimationNodeAnimation" id="AnimationNodeAnimation_tm55r"]
animation = &"humanoid_animations/ready_weapon"

[sub_resource type="AnimationNodeAnimation" id="AnimationNodeAnimation_5kpy6"]
animation = &"humanoid_animations/throw"

[sub_resource type="AnimationNodeBlendTree" id="AnimationNodeBlendTree_uj8ym"]
graph_offset = Vector2(-771.73834, -240.17383)
nodes/output/position = Vector2(920, 280)
nodes/Animation/node = SubResource("AnimationNodeAnimation_ghnjs")
nodes/Animation/position = Vector2(-900, 700)
nodes/CombatWalkBlend/node = SubResource("AnimationNodeBlend2_ghnjs")
nodes/CombatWalkBlend/position = Vector2(-620, 380)
nodes/Idle/node = SubResource("AnimationNodeAnimation_spnwm")
nodes/Idle/position = Vector2(-620, -140)
nodes/IdleCombat/node = SubResource("AnimationNodeAnimation_onmyu")
nodes/IdleCombat/position = Vector2(-960, 300)
nodes/OneShot/node = SubResource("AnimationNodeOneShot_spnwm")
nodes/OneShot/position = Vector2(280, 320)
nodes/OneShotState/node = SubResource("AnimationNodeTransition_rcpg0")
nodes/OneShotState/position = Vector2(-100, 580)
nodes/Run/node = SubResource("AnimationNodeAnimation_rcpg0")
nodes/Run/position = Vector2(-520, 40)
nodes/RunBlend/node = SubResource("AnimationNodeBlend2_spnwm")
nodes/RunBlend/position = Vector2(-200, -160)
nodes/State/node = SubResource("AnimationNodeTransition_onmyu")
nodes/State/position = Vector2(60, 120)
nodes/TimeScale/node = SubResource("AnimationNodeTimeScale_spnwm")
nodes/TimeScale/position = Vector2(500, 160)
nodes/WalkCombat/node = SubResource("AnimationNodeAnimation_7dijq")
nodes/WalkCombat/position = Vector2(-960, 480)
nodes/ready_weapon/node = SubResource("AnimationNodeAnimation_tm55r")
nodes/ready_weapon/position = Vector2(-980, 900)
nodes/cast_self/node = SubResource("AnimationNodeAnimation_6dabe")
nodes/cast_self/position = Vector2(-840, 1100)
nodes/throw/node = SubResource("AnimationNodeAnimation_5kpy6")
nodes/throw/position = Vector2(-480, 1160)
nodes/hit/node = SubResource("AnimationNodeAnimation_jyv0f")
nodes/hit/position = Vector2(-380, 1360)
nodes/Defend/node = SubResource("AnimationNodeAnimation_uj8ym")
nodes/Defend/position = Vector2(-260, 360)
node_connections = [&"output", 0, &"TimeScale", &"CombatWalkBlend", 0, &"IdleCombat", &"CombatWalkBlend", 1, &"WalkCombat", &"OneShot", 0, &"State", &"OneShot", 1, &"OneShotState", &"OneShotState", 0, &"Animation", &"OneShotState", 1, &"ready_weapon", &"OneShotState", 2, &"cast_self", &"OneShotState", 3, &"throw", &"OneShotState", 4, &"hit", &"RunBlend", 0, &"Idle", &"RunBlend", 1, &"Run", &"State", 0, &"RunBlend", &"State", 1, &"CombatWalkBlend", &"State", 2, &"Defend", &"TimeScale", 0, &"OneShot"]

[node name="HumanFemale" node_paths=PackedStringArray("body", "animation_tree", "collision_shape", "skeleton", "simulator") instance=ExtResource("1_5etnq")]
script = ExtResource("2_onmyu")
body = NodePath("metarig/Skeleton3D/human_female")
animation_tree = NodePath("AnimationTree")
collision_shape = NodePath("CollisionShape3D")
skeleton = NodePath("metarig/Skeleton3D")
simulator = NodePath("metarig/Skeleton3D/PhysicalBoneSimulator3D")

[node name="Skeleton3D" parent="metarig" index="0"]
animate_physical_bones = false
bones/0/position = Vector3(-2.3283064e-10, 0.90600866, 0.05216477)
bones/1/rotation = Quaternion(0.064476445, 1.8505092e-05, -9.8077595e-05, 0.99791926)
bones/2/rotation = Quaternion(0.07746417, 1.07625965e-07, -2.0598236e-08, 0.99699515)
bones/3/rotation = Quaternion(0.0005396061, -2.1454984e-09, 1.964509e-10, 0.9999999)
bones/4/rotation = Quaternion(-0.20173816, 3.6321584e-08, 2.6426282e-08, 0.97943956)
bones/5/rotation = Quaternion(0.09182844, -1.2989952e-07, -1.1059458e-08, 0.9957749)
bones/6/rotation = Quaternion(0.0825893, 1.07658835e-07, -2.281743e-08, 0.9965837)
bones/7/position = Vector3(-0.016416283, 0.12309573, -0.070195876)
bones/7/rotation = Quaternion(0.65406996, -0.23692714, 0.49744543, 0.5182722)
bones/7/scale = Vector3(0.93417645, 0.9341765, 0.9341766)
bones/8/position = Vector3(-0.036253747, 0.18625563, 0.0013503905)
bones/8/rotation = Quaternion(0.12986341, 0.7870082, 0.48583984, 0.35737005)
bones/9/rotation = Quaternion(-0.17984802, -0.099378414, -0.02675286, 0.9782959)
bones/10/rotation = Quaternion(0.05442363, 0.03178561, 0.040136404, 0.9972045)
bones/11/position = Vector3(0.016416257, 0.12309584, -0.07019589)
bones/11/rotation = Quaternion(-0.65416324, -0.23707287, 0.49736258, -0.51816744)
bones/11/scale = Vector3(0.9341764, 0.93417627, 0.9341765)
bones/12/position = Vector3(0.036252845, 0.18625571, 0.001372895)
bones/12/rotation = Quaternion(0.13001595, -0.7871204, -0.485799, 0.35712314)
bones/13/rotation = Quaternion(-0.17936657, 0.09934532, 0.026637182, 0.97839093)
bones/14/rotation = Quaternion(0.054423623, -0.031785544, -0.04013645, 0.99720454)
bones/15/position = Vector3(-0.106554486, -0.004378378, 0.03835553)
bones/15/scale = Vector3(1.0130954, 1.0130953, 1.0130954)
bones/16/position = Vector3(0.1065545, -0.0043783784, 0.03835549)
bones/17/rotation = Quaternion(0.18652199, -0.77512044, 0.3255275, 0.50835985)
bones/18/rotation = Quaternion(0.18652207, 0.7751205, -0.32552758, 0.5083598)
bones/19/rotation = Quaternion(0.98499066, 0.0077142757, 0.0012794134, -0.17243046)
bones/20/rotation = Quaternion(-0.09639559, -0.0006851834, 0.0077896314, 0.99531245)
bones/21/rotation = Quaternion(0.52736324, 3.3527613e-07, 6.6589564e-08, 0.84963995)
bones/22/rotation = Quaternion(0.19496869, 0.67969614, 0.19496852, 0.67969674)
bones/24/rotation = Quaternion(0.98503476, -0.007714525, -0.0012782759, -0.17217909)
bones/25/rotation = Quaternion(-0.096059196, 0.0006821156, -0.007789866, 0.99534494)
bones/26/rotation = Quaternion(0.5272809, 3.3527613e-07, 1.1920929e-07, 0.8496911)
bones/27/rotation = Quaternion(0.19493724, 0.6797054, 0.19493721, 0.67970556)

[node name="human_female" parent="metarig/Skeleton3D" index="0" groups=["body"]]

[node name="PhysicalBoneSimulator3D" type="PhysicalBoneSimulator3D" parent="metarig/Skeleton3D" index="1"]

[node name="Physical Bone spine_001" type="PhysicalBone3D" parent="metarig/Skeleton3D/PhysicalBoneSimulator3D" index="0" groups=["leg_bone"]]
transform = Transform3D(1, 4.7624704e-07, 2.8355896e-07, 1.5569623e-07, 0.24963015, -0.9683413, -5.3195447e-07, 0.96834135, 0.24963014, -2.145534e-05, 1.124088, 0.015864708)
collision_layer = 0
collision_mask = 0
joint_type = 3
joint_offset = Transform3D(1, 0, 0, 0, 1, 0, 0, 0, 1, 2.1401844e-05, -0.019288342, 0.22023688)
body_offset = Transform3D(1, 4.470374e-07, 2.4586473e-07, 2.458691e-07, -9.819865e-06, -1.0000001, -4.4703495e-07, 1.0000001, -9.819865e-06, -2.144737e-05, 0.22023672, 0.019290507)
mass = 30.0
bone_name = "spine"
joint_constraints/angular_limit_enabled = false
joint_constraints/angular_limit_upper = 90.0
joint_constraints/angular_limit_lower = -90.0
joint_constraints/angular_limit_bias = 0.3
joint_constraints/angular_limit_softness = 0.9
joint_constraints/angular_limit_relaxation = 1.0

[node name="CollisionShape3D" type="CollisionShape3D" parent="metarig/Skeleton3D/PhysicalBoneSimulator3D/Physical Bone spine_001" index="0"]
transform = Transform3D(1, -1.08167e-07, -5.34449e-08, 7.78392e-08, 0.239957, 0.970783, -9.21822e-08, -0.970783, 0.239957, 1.79236e-08, 0.00413221, -0.0739031)
shape = SubResource("CapsuleShape3D_spnwm")

[node name="Physical Bone spine_004" type="PhysicalBone3D" parent="metarig/Skeleton3D/PhysicalBoneSimulator3D" index="1"]
transform = Transform3D(1, 3.9107093e-05, -0.00022002135, -0.00021908087, 0.36573538, -0.93071884, 4.4071876e-05, 0.93071896, 0.36573535, 9.661741e-05, 1.515682, 0.0026226826)
collision_layer = 0
collision_mask = 0
joint_type = 3
joint_offset = Transform3D(1, 0, 0, 0, 1, 0, 0, 0, 1, -2.8125095e-07, -5.1728803e-05, 0.030205568)
body_offset = Transform3D(1, -3.3955537e-05, -3.4276585e-05, -3.4240795e-05, 0.001055479, -0.99999946, 3.3991695e-05, 0.99999964, 0.0010554492, 1.3148383e-06, 0.030205607, 1.9848347e-05)
mass = 15.0
bone_name = "spine.004"
joint_constraints/angular_limit_enabled = false
joint_constraints/angular_limit_upper = 90.0
joint_constraints/angular_limit_lower = -90.0
joint_constraints/angular_limit_bias = 0.3
joint_constraints/angular_limit_softness = 0.9
joint_constraints/angular_limit_relaxation = 1.0

[node name="CollisionShape3D" type="CollisionShape3D" parent="metarig/Skeleton3D/PhysicalBoneSimulator3D/Physical Bone spine_004" index="0"]
transform = Transform3D(0.999733, -0.0222078, -0.00639255, 0.014331, 0.378767, 0.925381, -0.0181294, -0.925226, 0.378984, 0.00130201, -0.00606418, -0.116449)
shape = SubResource("CapsuleShape3D_rcpg0")

[node name="Physical Bone upper_arm_L" type="PhysicalBone3D" parent="metarig/Skeleton3D/PhysicalBoneSimulator3D" index="2"]
transform = Transform3D(-0.9114863, -0.39434934, 0.116967306, 0.07262658, 0.1256031, 0.9894187, -0.40486807, 0.9103365, -0.085845254, -0.18698908, 1.2496244, -0.0034649726)
collision_layer = 0
collision_mask = 0
joint_type = 1
joint_offset = Transform3D(1, 0, 0, 0, 1, 0, 0, 0, 1, -3.0351732e-05, 3.786609e-05, 0.12131385)
body_offset = Transform3D(1.0704619, -0.00017184019, 1.9263476e-05, 1.919642e-05, -0.00031610578, -1.0704616, 0.00017154217, 1.070462, -0.0003161505, 3.015995e-05, 0.12986183, -2.1755695e-06)
mass = 2.0
bone_name = "upper_arm.L"
joint_constraints/bias = 0.3
joint_constraints/damping = 1.0
joint_constraints/impulse_clamp = 0.0

[node name="CollisionShape3D" type="CollisionShape3D" parent="metarig/Skeleton3D/PhysicalBoneSimulator3D/Physical Bone upper_arm_L" index="0"]
transform = Transform3D(1, -2.32831e-09, -7.45058e-09, 0, 3.72529e-09, 1, 1.39698e-09, -1, 0, -0.00141561, 0.000710666, 0.0146957)
shape = SubResource("CapsuleShape3D_jyv0f")

[node name="Physical Bone forearm_L" type="PhysicalBone3D" parent="metarig/Skeleton3D/PhysicalBoneSimulator3D" index="3"]
transform = Transform3D(-0.970623, -0.23475532, 0.052734613, 0.1132265, -0.2522702, 0.9610096, -0.21229877, 0.93874896, 0.2714398, -0.207393, 1.0150263, -0.025573429)
collision_layer = 0
collision_mask = 0
joint_type = 1
joint_offset = Transform3D(1, 0, 0, 0, 1, 0, 0, 0, 1, 1.6762404e-05, -0.00013785725, 0.119982384)
body_offset = Transform3D(1.0704619, 0.0002580583, -9.1876835e-05, -9.184703e-05, 0.00019538403, -1.0704616, -0.00025816262, 1.070462, 0.00019568205, -6.8843365e-06, 0.12843657, 0.00012409687)
bone_name = "forearm.L"
joint_constraints/bias = 0.3
joint_constraints/damping = 1.0
joint_constraints/impulse_clamp = 0.0

[node name="CollisionShape3D" type="CollisionShape3D" parent="metarig/Skeleton3D/PhysicalBoneSimulator3D/Physical Bone forearm_L" index="0"]
transform = Transform3D(1, 0, 0, 0, 0, 1, 0, -1, 0, 0, 0, 0)
shape = SubResource("CapsuleShape3D_6dabe")

[node name="Physical Bone upper_arm_R" type="PhysicalBone3D" parent="metarig/Skeleton3D/PhysicalBoneSimulator3D" index="4"]
transform = Transform3D(-0.9115367, 0.3943446, -0.11659006, -0.072278515, 0.12546603, 0.98946154, 0.4048169, 0.9103574, -0.08586425, 0.18824875, 1.2491236, -0.0037965532)
collision_layer = 0
collision_mask = 0
joint_type = 1
joint_offset = Transform3D(1, 0, 0, 0, 1, 0, 0, 0, 1, 0.0011940211, -9.492808e-05, 0.12182921)
body_offset = Transform3D(1.0704615, 0.00049573183, 0.00014086813, 0.00014095753, -0.00032359362, -1.0704615, -0.0004955828, 1.0704615, -0.0003238693, -0.0012952685, 0.1304133, 0.00014166534)
mass = 2.0
bone_name = "upper_arm.R"
joint_constraints/bias = 0.3
joint_constraints/damping = 1.0
joint_constraints/impulse_clamp = 0.0

[node name="CollisionShape3D" type="CollisionShape3D" parent="metarig/Skeleton3D/PhysicalBoneSimulator3D/Physical Bone upper_arm_R" index="0"]
transform = Transform3D(1, 4.65661e-09, 0, -7.45058e-09, 0, 1, 2.32831e-09, -1, 0, 0.00105214, 0.000528157, 0.0109214)
shape = SubResource("CapsuleShape3D_5ndae")

[node name="Physical Bone forearm_R" type="PhysicalBone3D" parent="metarig/Skeleton3D/PhysicalBoneSimulator3D" index="5"]
transform = Transform3D(-0.97062254, 0.23493026, -0.0519586, -0.11232822, -0.25147587, 0.96132326, 0.21277758, 0.93891835, 0.27047747, 0.20730352, 1.0151161, -0.025485683)
collision_layer = 0
collision_mask = 0
joint_type = 1
joint_offset = Transform3D(1, 0, 0, 0, 1, 0, 0, 0, 1, 8.726728e-06, -6.3517444e-05, 0.119768895)
body_offset = Transform3D(1.0704619, -0.00034551322, -0.00018318743, -0.00018323958, 0.0003605485, -1.0704618, 0.00034567714, 1.0704619, 0.00036039948, 1.257658e-05, 0.12820804, 2.4825335e-05)
bone_name = "forearm.R"
joint_constraints/bias = 0.3
joint_constraints/damping = 1.0
joint_constraints/impulse_clamp = 0.0

[node name="CollisionShape3D" type="CollisionShape3D" parent="metarig/Skeleton3D/PhysicalBoneSimulator3D/Physical Bone forearm_R" index="0"]
transform = Transform3D(1, 0, 0, 0, 0, 1, 0, -1, 0, 0, 0, 0)
shape = SubResource("CapsuleShape3D_4lvpb")

[node name="Physical Bone thigh_L" type="PhysicalBone3D" parent="metarig/Skeleton3D/PhysicalBoneSimulator3D" index="6" groups=["leg_bone"]]
transform = Transform3D(0.99987805, -0.00014134798, -0.0156226205, 0.015566411, 0.09424014, 0.99542785, 0.0013315761, -0.99554956, 0.09423083, -0.09509967, 0.93949634, 0.020211719)
collision_layer = 0
collision_mask = 0
joint_type = 2
joint_offset = Transform3D(1, -1.16415e-10, -1.01863e-10, 1.16415e-10, 1, 7.45058e-09, 1.01863e-10, -7.45058e-09, 1, 0, 0, 0)
joint_rotation = Vector3(-7.45058e-09, -1.01863e-10, 1.16415e-10)
body_offset = Transform3D(1.0000002, -3.7136488e-08, 1.5597587e-05, 1.5593803e-05, -8.559227e-05, -0.9999986, 3.934838e-08, 0.9999986, -8.551031e-05, 0, 0, 0)
mass = 10.0
bone_name = "thigh.L"
joint_constraints/swing_span = 83.14998
joint_constraints/twist_span = 0.0
joint_constraints/bias = 0.3
joint_constraints/softness = 0.8
joint_constraints/relaxation = 1.0

[node name="CollisionShape3D" type="CollisionShape3D" parent="metarig/Skeleton3D/PhysicalBoneSimulator3D/Physical Bone thigh_L" index="0"]
transform = Transform3D(1, 0, 0, 0, 0, 1, 0, -1, 0, 0, 0, 0)
shape = SubResource("CapsuleShape3D_155w1")

[node name="Physical Bone shin_L" type="PhysicalBone3D" parent="metarig/Skeleton3D/PhysicalBoneSimulator3D" index="7" groups=["leg_bone"]]
transform = Transform3D(-0.13258289, -0.09814611, 0.9863008, -0.9911719, 0.013341566, -0.1319101, -0.00021233407, -0.99508256, -0.09904854, -0.08811821, 0.2770961, -0.0028582364)
collision_layer = 0
collision_mask = 0
joint_type = 3
joint_offset = Transform3D(1, 0, 0, 0, 1, 0, 0, 0, 1, -0.20308994, 0.02281528, -0.024820814)
body_offset = Transform3D(-0.13258305, -0.09814401, 0.9863013, 0.9863158, -0.11143189, 0.121496715, 0.09798113, 0.98891264, 0.11157493, -0.00020629913, 0.20586881, 0.000106045976)
mass = 6.0
bone_name = "shin.L"
joint_constraints/angular_limit_enabled = true
joint_constraints/angular_limit_upper = 169.99995
joint_constraints/angular_limit_lower = 0.0
joint_constraints/angular_limit_bias = 0.3
joint_constraints/angular_limit_softness = 0.9
joint_constraints/angular_limit_relaxation = 1.0

[node name="CollisionShape3D" type="CollisionShape3D" parent="metarig/Skeleton3D/PhysicalBoneSimulator3D/Physical Bone shin_L" index="0"]
transform = Transform3D(0.135456, -0.98595, -0.0977443, 0.0977969, -0.0848666, 0.991581, -0.985945, -0.143875, 0.0849272, -4.18723e-05, 2.87024e-05, -2.85357e-06)
shape = SubResource("CapsuleShape3D_htdfc")

[node name="Physical Bone thigh_R" type="PhysicalBone3D" parent="metarig/Skeleton3D/PhysicalBoneSimulator3D" index="8" groups=["leg_bone"]]
transform = Transform3D(0.9998787, 0.00013688646, 0.015578385, -0.0155226, 0.093755, 0.9954743, -0.0013242846, -0.9955953, 0.093745746, 0.09151024, 0.70145214, -0.0027353056)
collision_layer = 0
collision_mask = 0
joint_type = 2
joint_offset = Transform3D(0.999998, 0, 0, 0, -4.37113e-08, -0.999999, 0, 0.999998, -4.3711346e-08, -0.0001364267, -0.0005276211, 0.23917402)
joint_rotation = Vector3(1.5707964, 0, 0)
body_offset = Transform3D(1, -3.0400697e-06, -5.9914324e-05, -5.9912098e-05, -0.000108644366, -1, 3.033434e-06, 0.999999, -0.000108622015, 0.00015075505, 0.23917395, 0.0005536005)
mass = 8.0
bone_name = "thigh.R"
joint_constraints/swing_span = 83.14998
joint_constraints/twist_span = 0.0
joint_constraints/bias = 0.3
joint_constraints/softness = 0.8
joint_constraints/relaxation = 1.0

[node name="CollisionShape3D" type="CollisionShape3D" parent="metarig/Skeleton3D/PhysicalBoneSimulator3D/Physical Bone thigh_R" index="0"]
transform = Transform3D(1, 0, 0, 0, 0, 1, 0, -1, 0, 0, 0, 0)
shape = SubResource("CapsuleShape3D_gm04t")

[node name="Physical Bone shin_R" type="PhysicalBone3D" parent="metarig/Skeleton3D/PhysicalBoneSimulator3D" index="9" groups=["leg_bone"]]
transform = Transform3D(-0.03595229, -0.09908092, 0.99442977, -0.99934065, -0.0014788469, -0.036277186, 0.005064986, -0.99507827, -0.09896243, 0.089897715, 0.27887315, 0.0027575642)
collision_layer = 0
collision_mask = 0
joint_type = 3
joint_offset = Transform3D(1, 0, 0, 0, 0.999996, 0, 0, 0, 0.999996, -0.20300154, 0.025354192, -0.0068099173)
body_offset = Transform3D(-0.035952285, -0.09908048, 0.9944299, 0.99498206, -0.096519284, 0.026355505, 0.0933706, 0.99038637, 0.102053285, 0.0019857213, 0.20460951, -0.0054610968)
mass = 3.0
bone_name = "shin.R"
joint_constraints/angular_limit_enabled = true
joint_constraints/angular_limit_upper = 169.99995
joint_constraints/angular_limit_lower = 0.0
joint_constraints/angular_limit_bias = 0.3
joint_constraints/angular_limit_softness = 0.9
joint_constraints/angular_limit_relaxation = 1.0

[node name="CollisionShape3D" type="CollisionShape3D" parent="metarig/Skeleton3D/PhysicalBoneSimulator3D/Physical Bone shin_R" index="0"]
transform = Transform3D(-0.0131066, -0.994499, -0.103926, 0.0954806, -0.104705, 0.989909, -0.995345, 0.00305143, 0.0963277, 0.0149769, -0.00487797, 4.20734e-05)
shape = SubResource("CapsuleShape3D_diewo")

[node name="CollisionShape3D" type="CollisionShape3D" parent="." index="1"]
transform = Transform3D(1, 0, 0, 0, 1, 0, 0, 0, 1, 0, 0.912438, 0)
shape = SubResource("CapsuleShape3D_yt1gq")

[node name="AnimationTree" type="AnimationTree" parent="." index="2"]
deterministic = false
callback_mode_method = 1
libraries = {
&"humanoid_animations": ExtResource("3_spnwm")
}
tree_root = SubResource("AnimationNodeBlendTree_uj8ym")
anim_player = NodePath("../AnimationPlayer")
parameters/CombatWalkBlend/blend_amount = 0.0
parameters/OneShot/active = false
parameters/OneShot/internal_active = false
parameters/OneShot/request = 0
parameters/OneShotState/current_state = "READY_WEAPON_POST"
parameters/OneShotState/transition_request = ""
parameters/OneShotState/current_index = 3
parameters/RunBlend/blend_amount = 0.0
parameters/State/current_state = "IDLE"
parameters/State/transition_request = ""
parameters/State/current_index = 0
parameters/TimeScale/scale = 1.0

[node name="AnimationPlayer" parent="." index="3"]
libraries = {
&"humanoid_animations": ExtResource("3_spnwm")
}
