[gd_scene load_steps=29 format=3 uid="uid://dxkciqlfb31td"]

[ext_resource type="PackedScene" uid="uid://ccqv6vbrh71jr" path="res://models/human_female.glb" id="1_5etnq"]
[ext_resource type="Script" uid="uid://lvhaelpdejpj" path="res://lib/character_scene.gd" id="2_onmyu"]
[ext_resource type="AnimationLibrary" uid="uid://fs2ykwolevfy" path="res://models/characters/humanoid/humanoid_animations.tres" id="3_spnwm"]

[sub_resource type="CapsuleShape3D" id="CapsuleShape3D_spnwm"]
radius = 0.185948
height = 0.551579

[sub_resource type="CapsuleShape3D" id="CapsuleShape3D_rcpg0"]
radius = 0.163248
height = 0.326496

[sub_resource type="CapsuleShape3D" id="CapsuleShape3D_jyv0f"]
radius = 0.0258881
height = 0.258881

[sub_resource type="CapsuleShape3D" id="CapsuleShape3D_6dabe"]
radius = 0.0256056
height = 0.256056

[sub_resource type="CapsuleShape3D" id="CapsuleShape3D_5ndae"]
radius = 0.0258881
height = 0.258881

[sub_resource type="CapsuleShape3D" id="CapsuleShape3D_4lvpb"]
radius = 0.0256056
height = 0.256056

[sub_resource type="CapsuleShape3D" id="CapsuleShape3D_155w1"]
radius = 0.0459622
height = 0.459622

[sub_resource type="CapsuleShape3D" id="CapsuleShape3D_htdfc"]
radius = 0.0407458
height = 0.29876

[sub_resource type="CapsuleShape3D" id="CapsuleShape3D_gm04t"]
radius = 0.0459622
height = 0.459622

[sub_resource type="CapsuleShape3D" id="CapsuleShape3D_diewo"]
radius = 0.0407458
height = 0.324124

[sub_resource type="CapsuleShape3D" id="CapsuleShape3D_yt1gq"]
radius = 0.21205
height = 1.76024

[sub_resource type="AnimationNodeAnimation" id="AnimationNodeAnimation_ghnjs"]
animation = &"humanoid_animations/combat_melee_1h_attack"

[sub_resource type="AnimationNodeBlend2" id="AnimationNodeBlend2_ghnjs"]
filter_enabled = true
filters = ["metarig/Skeleton3D:foot.L", "metarig/Skeleton3D:foot.R", "metarig/Skeleton3D:pelvis.L", "metarig/Skeleton3D:pelvis.R", "metarig/Skeleton3D:shin.L", "metarig/Skeleton3D:shin.R", "metarig/Skeleton3D:spine", "metarig/Skeleton3D:spine.001", "metarig/Skeleton3D:thigh.L", "metarig/Skeleton3D:thigh.R", "metarig/Skeleton3D:toe.L", "metarig/Skeleton3D:toe.R"]

[sub_resource type="AnimationNodeAnimation" id="AnimationNodeAnimation_spnwm"]
animation = &"humanoid_animations/idle"
use_custom_timeline = true
timeline_length = 25.5833
stretch_time_scale = false
start_offset = 0.0
loop_mode = 1

[sub_resource type="AnimationNodeAnimation" id="AnimationNodeAnimation_onmyu"]
animation = &"humanoid_animations/idle_combat"
use_custom_timeline = true
timeline_length = 1.66667
stretch_time_scale = false
start_offset = 0.0
loop_mode = 1

[sub_resource type="AnimationNodeOneShot" id="AnimationNodeOneShot_spnwm"]
filter_enabled = true
filters = [".", "metarig/Skeleton3D:breast.L", "metarig/Skeleton3D:breast.R", "metarig/Skeleton3D:forearm.L", "metarig/Skeleton3D:forearm.R", "metarig/Skeleton3D:hand.L", "metarig/Skeleton3D:hand.R", "metarig/Skeleton3D:shoulder.L", "metarig/Skeleton3D:shoulder.R", "metarig/Skeleton3D:spine.002", "metarig/Skeleton3D:spine.003", "metarig/Skeleton3D:spine.004", "metarig/Skeleton3D:spine.005", "metarig/Skeleton3D:spine.006", "metarig/Skeleton3D:upper_arm.L", "metarig/Skeleton3D:upper_arm.R"]
fadein_time = 0.3
fadeout_time = 0.3

[sub_resource type="AnimationNodeTransition" id="AnimationNodeTransition_rcpg0"]
input_0/name = "MELEE_1H_ATTACK"
input_0/auto_advance = false
input_0/break_loop_at_end = true
input_0/reset = true
input_1/name = "READY_WEAPON"
input_1/auto_advance = false
input_1/break_loop_at_end = true
input_1/reset = true

[sub_resource type="AnimationNodeAnimation" id="AnimationNodeAnimation_rcpg0"]
animation = &"humanoid_animations/run"
use_custom_timeline = true
timeline_length = 1.04167
stretch_time_scale = false
start_offset = 0.0
loop_mode = 1

[sub_resource type="AnimationNodeBlend2" id="AnimationNodeBlend2_spnwm"]
filters = ["metarig/Skeleton3D:breast.L", "metarig/Skeleton3D:breast.R", "metarig/Skeleton3D:forearm.L", "metarig/Skeleton3D:forearm.R", "metarig/Skeleton3D:hand.L", "metarig/Skeleton3D:hand.R", "metarig/Skeleton3D:shoulder.L", "metarig/Skeleton3D:shoulder.R", "metarig/Skeleton3D:spine.002", "metarig/Skeleton3D:spine.003", "metarig/Skeleton3D:spine.004", "metarig/Skeleton3D:spine.005", "metarig/Skeleton3D:spine.006", "metarig/Skeleton3D:upper_arm.L", "metarig/Skeleton3D:upper_arm.R"]

[sub_resource type="AnimationNodeTransition" id="AnimationNodeTransition_onmyu"]
xfade_time = 0.25
input_0/name = "IDLE"
input_0/auto_advance = false
input_0/break_loop_at_end = false
input_0/reset = true
input_1/name = "COMBAT"
input_1/auto_advance = false
input_1/break_loop_at_end = false
input_1/reset = true

[sub_resource type="AnimationNodeAnimation" id="AnimationNodeAnimation_7dijq"]
animation = &"humanoid_animations/walk_combat"
use_custom_timeline = true
timeline_length = 1.25
stretch_time_scale = false
start_offset = 0.0
loop_mode = 1

[sub_resource type="AnimationNodeAnimation" id="AnimationNodeAnimation_tm55r"]
animation = &"humanoid_animations/ready_weapon"

[sub_resource type="AnimationNodeBlendTree" id="AnimationNodeBlendTree_uj8ym"]
graph_offset = Vector2(-1114.27, 373.361)
nodes/Animation/node = SubResource("AnimationNodeAnimation_ghnjs")
nodes/Animation/position = Vector2(-900, 700)
nodes/CombatWalkBlend/node = SubResource("AnimationNodeBlend2_ghnjs")
nodes/CombatWalkBlend/position = Vector2(-620, 380)
nodes/Idle/node = SubResource("AnimationNodeAnimation_spnwm")
nodes/Idle/position = Vector2(-620, -140)
nodes/IdleCombat/node = SubResource("AnimationNodeAnimation_onmyu")
nodes/IdleCombat/position = Vector2(-960, 340)
nodes/OneShot/node = SubResource("AnimationNodeOneShot_spnwm")
nodes/OneShot/position = Vector2(280, 320)
nodes/OneShotState/node = SubResource("AnimationNodeTransition_rcpg0")
nodes/OneShotState/position = Vector2(-100, 580)
nodes/Run/node = SubResource("AnimationNodeAnimation_rcpg0")
nodes/Run/position = Vector2(-520, 40)
nodes/RunBlend/node = SubResource("AnimationNodeBlend2_spnwm")
nodes/RunBlend/position = Vector2(-200, -160)
nodes/State/node = SubResource("AnimationNodeTransition_onmyu")
nodes/State/position = Vector2(60, 120)
nodes/WalkCombat/node = SubResource("AnimationNodeAnimation_7dijq")
nodes/WalkCombat/position = Vector2(-960, 480)
nodes/output/position = Vector2(620, 300)
nodes/ready_weapon/node = SubResource("AnimationNodeAnimation_tm55r")
nodes/ready_weapon/position = Vector2(-820, 900)
node_connections = [&"CombatWalkBlend", 0, &"IdleCombat", &"CombatWalkBlend", 1, &"WalkCombat", &"OneShot", 0, &"State", &"OneShot", 1, &"OneShotState", &"OneShotState", 0, &"Animation", &"OneShotState", 1, &"ready_weapon", &"RunBlend", 0, &"Idle", &"RunBlend", 1, &"Run", &"State", 0, &"RunBlend", &"State", 1, &"CombatWalkBlend", &"output", 0, &"OneShot"]

[sub_resource type="Animation" id="Animation_spnwm"]
length = 0.001

[sub_resource type="AnimationLibrary" id="AnimationLibrary_rcpg0"]
_data = {
&"RESET": SubResource("Animation_spnwm")
}

[node name="HumanFemale" node_paths=PackedStringArray("body", "eyes", "animation_tree", "collision_shape", "skeleton", "simulator") instance=ExtResource("1_5etnq")]
script = ExtResource("2_onmyu")
body = NodePath("metarig/Skeleton3D/human_female")
eyes = NodePath("metarig/Skeleton3D/eyes")
animation_tree = NodePath("AnimationTree")
collision_shape = NodePath("CollisionShape3D")
skeleton = NodePath("metarig/Skeleton3D")
simulator = NodePath("metarig/Skeleton3D/PhysicalBoneSimulator3D")

[node name="Skeleton3D" parent="metarig" index="0"]
bones/0/position = Vector3(-3.02346e-10, 0.910904, 0.0521648)
bones/1/rotation = Quaternion(0.0644697, 0.00270396, -0.0142301, 0.997815)
bones/2/rotation = Quaternion(0.0774642, 1.07667e-07, -2.04404e-08, 0.996995)
bones/3/rotation = Quaternion(-0.00164522, -0.00036944, 1.24188e-05, 0.999999)
bones/4/rotation = Quaternion(-0.201738, 2.58735e-08, 2.60151e-08, 0.979439)
bones/5/rotation = Quaternion(0.0368278, -0.00175861, -0.000510821, 0.99932)
bones/6/rotation = Quaternion(-0.033589, -0.00398596, -0.000375205, 0.999428)
bones/7/position = Vector3(-0.0164163, 0.123096, -0.0701959)
bones/7/rotation = Quaternion(0.6541, -0.237333, 0.497187, 0.518297)
bones/7/scale = Vector3(0.934176, 0.934177, 0.934177)
bones/8/position = Vector3(-0.0362537, 0.186256, 0.00135039)
bones/8/rotation = Quaternion(0.128226, 0.785569, 0.487779, 0.358486)
bones/9/rotation = Quaternion(-0.178445, -0.0992185, -0.0270323, 0.978561)
bones/10/rotation = Quaternion(0.0544236, 0.0317856, 0.0401364, 0.997204)
bones/11/position = Vector3(0.0164163, 0.123096, -0.0701959)
bones/11/rotation = Quaternion(0.654163, 0.237073, -0.497363, 0.518167)
bones/11/scale = Vector3(0.934176, 0.934176, 0.934177)
bones/12/position = Vector3(0.0362528, 0.186256, 0.00137289)
bones/12/rotation = Quaternion(0.169015, -0.834151, -0.399228, 0.340945)
bones/13/rotation = Quaternion(-0.353227, 0.0968188, 0.0390737, 0.929693)
bones/14/rotation = Quaternion(-0.063974, -0.0192458, -0.0489568, 0.996564)
bones/15/position = Vector3(-0.106302, -0.00437838, 0.0383555)
bones/15/scale = Vector3(1.0131, 1.0131, 1.0131)
bones/16/position = Vector3(0.106302, -0.00437838, 0.0383555)
bones/16/scale = Vector3(1.08372, 1.08372, 1.08372)
bones/17/rotation = Quaternion(0.186522, -0.77512, 0.325527, 0.50836)
bones/18/rotation = Quaternion(0.186522, 0.77512, -0.325528, 0.50836)
bones/19/rotation = Quaternion(0.949677, 0.0218867, 0.0355684, -0.310434)
bones/20/rotation = Quaternion(-0.346566, -0.000687971, 0.0690553, 0.93548)
bones/21/rotation = Quaternion(0.375877, 0.00827426, -0.0331143, 0.926041)
bones/22/rotation = Quaternion(0.320089, 0.63051, 0.320089, 0.630511)
bones/24/rotation = Quaternion(0.989298, -0.00774603, -0.0010709, -0.145696)
bones/25/rotation = Quaternion(-0.0440245, 0.000274975, -0.00781485, 0.999)
bones/26/rotation = Quaternion(0.506677, 3.12352e-07, 1.07661e-07, 0.862136)
bones/27/rotation = Quaternion(0.194937, 0.679705, 0.194937, 0.679706)

[node name="human_female" parent="metarig/Skeleton3D" index="1" groups=["body"]]

[node name="PhysicalBoneSimulator3D" type="PhysicalBoneSimulator3D" parent="metarig/Skeleton3D" index="2"]

[node name="Physical Bone spine_001" type="PhysicalBone3D" parent="metarig/Skeleton3D/PhysicalBoneSimulator3D" index="0" groups=["leg_bone"]]
transform = Transform3D(1, 4.76247e-07, 2.83559e-07, 1.55696e-07, 0.24963, -0.968341, -5.31954e-07, 0.968341, 0.24963, -1.09977e-05, 1.12784, 0.0161589)
collision_layer = 0
collision_mask = 0
joint_type = 3
joint_offset = Transform3D(1, 0, 0, 0, 1, 0, 0, 0, 1, 1.09444e-05, -0.0192888, 0.21906)
body_offset = Transform3D(1, 4.47037e-07, 2.45865e-07, 2.45869e-07, -9.81987e-06, -1, -4.47035e-07, 1, -9.81987e-06, -1.09897e-05, 0.21906, 0.019291)
mass = 30.0
bone_name = "spine"
joint_constraints/angular_limit_enabled = false
joint_constraints/angular_limit_upper = 90.0
joint_constraints/angular_limit_lower = -90.0
joint_constraints/angular_limit_bias = 0.3
joint_constraints/angular_limit_softness = 0.9
joint_constraints/angular_limit_relaxation = 1.0

[node name="CollisionShape3D" type="CollisionShape3D" parent="metarig/Skeleton3D/PhysicalBoneSimulator3D/Physical Bone spine_001" index="0"]
transform = Transform3D(1, -1.08167e-07, -5.34449e-08, 7.78392e-08, 0.239957, 0.970783, -9.21822e-08, -0.970783, 0.239957, 1.79236e-08, 0.00413221, -0.0739031)
shape = SubResource("CapsuleShape3D_spnwm")

[node name="Physical Bone spine_004" type="PhysicalBone3D" parent="metarig/Skeleton3D/PhysicalBoneSimulator3D" index="1"]
transform = Transform3D(0.999581, 0.00996245, -0.0271762, -0.0289344, 0.36897, -0.928991, 0.000772154, 0.929388, 0.369103, 0.013832, 1.52026, 0.00179197)
collision_layer = 0
collision_mask = 0
joint_type = 3
joint_offset = Transform3D(1, 0, 0, 0, 1, 0, 0, 0, 1, -1.87982e-06, -3.88126e-05, 0.0301034)
body_offset = Transform3D(1, -4.14734e-05, 1.52431e-05, 1.52472e-05, 0.000307202, -1, 4.14667e-05, 1, 0.000307232, 1.41934e-06, 0.0301034, 2.95639e-05)
mass = 15.0
bone_name = "spine.004"
joint_constraints/angular_limit_enabled = false
joint_constraints/angular_limit_upper = 90.0
joint_constraints/angular_limit_lower = -90.0
joint_constraints/angular_limit_bias = 0.3
joint_constraints/angular_limit_softness = 0.9
joint_constraints/angular_limit_relaxation = 1.0

[node name="CollisionShape3D" type="CollisionShape3D" parent="metarig/Skeleton3D/PhysicalBoneSimulator3D/Physical Bone spine_004" index="0"]
transform = Transform3D(0.999733, -0.0222078, -0.00639255, 0.014331, 0.378767, 0.925381, -0.0181294, -0.925226, 0.378984, 0.00130201, -0.00606418, -0.116449)
shape = SubResource("CapsuleShape3D_rcpg0")

[node name="Physical Bone upper_arm_L" type="PhysicalBone3D" parent="metarig/Skeleton3D/PhysicalBoneSimulator3D" index="2"]
transform = Transform3D(-0.908639, -0.391374, 0.14561, 0.0999346, 0.13476, 0.985826, -0.405449, 0.910311, -0.0833362, -0.180852, 1.25989, -0.00415973)
collision_layer = 0
collision_mask = 0
joint_type = 1
joint_offset = Transform3D(1, 0, 0, 0, 1, 0, 0, 0, 1, 1.03899e-05, 2.94434e-05, 0.121219)
body_offset = Transform3D(1.07046, -7.71582e-05, 2.67699e-05, 2.66917e-05, -0.000225298, -1.07046, 7.70688e-05, 1.07046, -0.00022535, -1.43647e-05, 0.12976, -4.20213e-06)
mass = 2.0
bone_name = "upper_arm.L"
joint_constraints/bias = 0.3
joint_constraints/damping = 1.0
joint_constraints/impulse_clamp = 0.0

[node name="CollisionShape3D" type="CollisionShape3D" parent="metarig/Skeleton3D/PhysicalBoneSimulator3D/Physical Bone upper_arm_L" index="0"]
transform = Transform3D(1, -2.32831e-09, -7.45058e-09, 0, 3.72529e-09, 1, 1.39698e-09, -1, 0, -0.00141561, 0.000710666, 0.0146957)
shape = SubResource("CapsuleShape3D_jyv0f")

[node name="Physical Bone forearm_L" type="PhysicalBone3D" parent="metarig/Skeleton3D/PhysicalBoneSimulator3D" index="3"]
transform = Transform3D(-0.966587, -0.242962, 0.081726, 0.142615, -0.244781, 0.959032, -0.213003, 0.938644, 0.271252, -0.208198, 1.02606, -0.0265331)
collision_layer = 0
collision_mask = 0
joint_type = 1
joint_offset = Transform3D(1, 0, 0, 0, 1, 0, 0, 0, 1, 3.90546e-05, -9.32266e-05, 0.119797)
body_offset = Transform3D(1.07046, 0.000196785, -6.64666e-05, -6.64927e-05, 0.000132084, -1.07046, -0.000196964, 1.07046, 0.000131935, -3.38256e-05, 0.128238, 8.39978e-05)
bone_name = "forearm.L"
joint_constraints/bias = 0.3
joint_constraints/damping = 1.0
joint_constraints/impulse_clamp = 0.0

[node name="CollisionShape3D" type="CollisionShape3D" parent="metarig/Skeleton3D/PhysicalBoneSimulator3D/Physical Bone forearm_L" index="0"]
transform = Transform3D(1, 0, 0, 0, 0, 1, 0, -1, 0, 0, 0, 0)
shape = SubResource("CapsuleShape3D_6dabe")

[node name="Physical Bone upper_arm_R" type="PhysicalBone3D" parent="metarig/Skeleton3D/PhysicalBoneSimulator3D" index="4"]
transform = Transform3D(-0.914338, 0.368638, -0.167607, -0.0415354, 0.326338, 0.94434, 0.402816, 0.870408, -0.283072, 0.203938, 1.25438, 0.0200935)
collision_layer = 0
collision_mask = 0
joint_type = 1
joint_offset = Transform3D(1, 0, 0, 0, 1, 0, 0, 0, 1, 0.00120716, -0.000104763, 0.121736)
body_offset = Transform3D(1.07046, 0.000349581, 3.74392e-05, 3.72678e-05, -0.000209451, -1.07046, -0.000349432, 1.07046, -0.000209779, -0.00129674, 0.130314, 0.000138104)
mass = 2.0
bone_name = "upper_arm.R"
joint_constraints/bias = 0.3
joint_constraints/damping = 1.0
joint_constraints/impulse_clamp = 0.0

[node name="CollisionShape3D" type="CollisionShape3D" parent="metarig/Skeleton3D/PhysicalBoneSimulator3D/Physical Bone upper_arm_R" index="0"]
transform = Transform3D(1, 4.65661e-09, 0, -7.45058e-09, 0, 1, 2.32831e-09, -1, 0, 0.00105214, 0.000528157, 0.0109214)
shape = SubResource("CapsuleShape3D_5ndae")

[node name="Physical Bone forearm_R" type="PhysicalBone3D" parent="metarig/Skeleton3D/PhysicalBoneSimulator3D" index="5"]
transform = Transform3D(-0.970127, 0.242164, -0.0144931, -0.11229, -0.395279, 0.911672, 0.215045, 0.886065, 0.410663, 0.224672, 1.03169, 0.00530388)
collision_layer = 0
collision_mask = 0
joint_type = 1
joint_offset = Transform3D(1, 0, 0, 0, 1, 0, 0, 0, 1, 2.72722e-05, -3.91673e-05, 0.119742)
body_offset = Transform3D(1.07046, -0.000270531, -5.10067e-05, -5.12302e-05, 0.000282973, -1.07046, 0.000270516, 1.07046, 0.000282884, -2.30968e-05, 0.12818, 8.04663e-06)
bone_name = "forearm.R"
joint_constraints/bias = 0.3
joint_constraints/damping = 1.0
joint_constraints/impulse_clamp = 0.0

[node name="CollisionShape3D" type="CollisionShape3D" parent="metarig/Skeleton3D/PhysicalBoneSimulator3D/Physical Bone forearm_R" index="0"]
transform = Transform3D(1, 0, 0, 0, 0, 1, 0, -1, 0, 0, 0, 0)
shape = SubResource("CapsuleShape3D_4lvpb")

[node name="Physical Bone thigh_L" type="PhysicalBone3D" parent="metarig/Skeleton3D/PhysicalBoneSimulator3D" index="6" groups=["leg_bone"]]
transform = Transform3D(0.996512, 0.0539651, -0.063649, 0.0391206, 0.371616, 0.927562, 0.0737089, -0.926817, 0.368208, -0.0950997, 0.944392, 0.0202117)
collision_layer = 0
collision_mask = 0
joint_type = 2
joint_offset = Transform3D(1, -1.16415e-10, -1.01863e-10, 1.16415e-10, 1, 7.45058e-09, 1.01863e-10, -7.45058e-09, 1, 0, 0, 0)
joint_rotation = Vector3(-7.45058e-09, -1.01863e-10, 1.16415e-10)
body_offset = Transform3D(1, -2.98023e-08, 7.56048e-06, 7.54185e-06, -4.9144e-05, -1, 7.45058e-09, 0.999997, -4.8995e-05, 0, 0, 0)
mass = 10.0
bone_name = "thigh.L"
joint_constraints/swing_span = 83.15
joint_constraints/twist_span = 0.0
joint_constraints/bias = 0.3
joint_constraints/softness = 0.8
joint_constraints/relaxation = 1.0

[node name="CollisionShape3D" type="CollisionShape3D" parent="metarig/Skeleton3D/PhysicalBoneSimulator3D/Physical Bone thigh_L" index="0"]
transform = Transform3D(1, 0, 0, 0, 0, 1, 0, -1, 0, 0, 0, 0)
shape = SubResource("CapsuleShape3D_155w1")

[node name="Physical Bone shin_L" type="PhysicalBone3D" parent="metarig/Skeleton3D/PhysicalBoneSimulator3D" index="7" groups=["leg_bone"]]
transform = Transform3D(-0.242871, -0.0515237, 0.968689, -0.947215, -0.202839, -0.248276, 0.20928, -0.977856, 0.00045979, -0.0898372, 0.324591, -0.0843391)
collision_layer = 0
collision_mask = 0
joint_type = 3
joint_offset = Transform3D(1, 0, 0, 0, 1, 0, 0, 0, 1, -0.202613, 0.0227543, -0.0248194)
body_offset = Transform3D(-0.133167, -0.0980224, 0.986235, 0.986249, -0.111363, 0.122101, 0.0978634, 0.988932, 0.111505, -0.000273213, 0.205391, 9.34005e-05)
mass = 6.0
bone_name = "shin.L"
joint_constraints/angular_limit_enabled = true
joint_constraints/angular_limit_upper = 170.0
joint_constraints/angular_limit_lower = 0.0
joint_constraints/angular_limit_bias = 0.3
joint_constraints/angular_limit_softness = 0.9
joint_constraints/angular_limit_relaxation = 1.0

[node name="CollisionShape3D" type="CollisionShape3D" parent="metarig/Skeleton3D/PhysicalBoneSimulator3D/Physical Bone shin_L" index="0"]
transform = Transform3D(0.135456, -0.98595, -0.0977443, 0.0977969, -0.0848666, 0.991581, -0.985945, -0.143875, 0.0849272, -4.18723e-05, 2.87024e-05, -2.85357e-06)
shape = SubResource("CapsuleShape3D_htdfc")

[node name="Physical Bone thigh_R" type="PhysicalBone3D" parent="metarig/Skeleton3D/PhysicalBoneSimulator3D" index="8" groups=["leg_bone"]]
transform = Transform3D(0.999879, 0.000142553, 0.0155881, -0.0155812, 0.0402512, 0.999068, -0.000485018, -0.99919, 0.0402485, 0.0915222, 0.707648, 0.010246)
collision_layer = 0
collision_mask = 0
joint_type = 2
joint_offset = Transform3D(0.999998, 0, 0, 0, -3.61998e-06, -0.999999, 0, 0.999998, -3.61999e-06, -0.000116514, -0.0004279, 0.23698)
joint_rotation = Vector3(1.5708, 0, 0)
body_offset = Transform3D(1, 2.3201e-06, -5.02284e-05, -5.02236e-05, -0.000128612, -1, -2.32668e-06, 0.999999, -0.000128601, 0.000128418, 0.23698, 0.000458375)
mass = 8.0
bone_name = "thigh.R"
joint_constraints/swing_span = 83.15
joint_constraints/twist_span = 0.0
joint_constraints/bias = 0.3
joint_constraints/softness = 0.8
joint_constraints/relaxation = 1.0

[node name="CollisionShape3D" type="CollisionShape3D" parent="metarig/Skeleton3D/PhysicalBoneSimulator3D/Physical Bone thigh_R" index="0"]
transform = Transform3D(1, 0, 0, 0, 0, 1, 0, -1, 0, 0, 0, 0)
shape = SubResource("CapsuleShape3D_gm04t")

[node name="Physical Bone shin_R" type="PhysicalBone3D" parent="metarig/Skeleton3D/PhysicalBoneSimulator3D" index="9" groups=["leg_bone"]]
transform = Transform3D(-0.0357537, -0.0991706, 0.994428, -0.998321, 0.0489145, -0.0310156, -0.0455661, -0.993868, -0.100753, 0.0893647, 0.281333, 0.0170048)
collision_layer = 0
collision_mask = 0
joint_type = 3
joint_offset = Transform3D(1, 0, 0, 0, 0.999996, 0, 0, 0, 0.999996, -0.202775, 0.0252556, -0.00623274)
body_offset = Transform3D(-0.0357536, -0.0991701, 0.994428, 0.99499, -0.0964915, 0.0261512, 0.0933605, 0.99038, 0.102123, 0.00145265, 0.204359, -0.0054449)
mass = 3.0
bone_name = "shin.R"
joint_constraints/angular_limit_enabled = true
joint_constraints/angular_limit_upper = 170.0
joint_constraints/angular_limit_lower = 0.0
joint_constraints/angular_limit_bias = 0.3
joint_constraints/angular_limit_softness = 0.9
joint_constraints/angular_limit_relaxation = 1.0

[node name="CollisionShape3D" type="CollisionShape3D" parent="metarig/Skeleton3D/PhysicalBoneSimulator3D/Physical Bone shin_R" index="0"]
transform = Transform3D(-0.0131066, -0.994499, -0.103926, 0.0954806, -0.104705, 0.989909, -0.995345, 0.00305143, 0.0963277, 0.0149769, -0.00487797, 4.20734e-05)
shape = SubResource("CapsuleShape3D_diewo")

[node name="CollisionShape3D" type="CollisionShape3D" parent="." index="1"]
transform = Transform3D(1, 0, 0, 0, 1, 0, 0, 0, 1, 0, 0.912438, 0)
shape = SubResource("CapsuleShape3D_yt1gq")

[node name="AnimationTree" type="AnimationTree" parent="." index="2"]
callback_mode_method = 1
tree_root = SubResource("AnimationNodeBlendTree_uj8ym")
anim_player = NodePath("../AnimationPlayer")
parameters/CombatWalkBlend/blend_amount = 0.0
parameters/OneShot/active = false
parameters/OneShot/internal_active = false
parameters/OneShot/request = 0
parameters/OneShotState/current_state = "READY_WEAPON_POST"
parameters/OneShotState/transition_request = ""
parameters/OneShotState/current_index = 3
parameters/RunBlend/blend_amount = 0
parameters/State/current_state = "IDLE"
parameters/State/transition_request = ""
parameters/State/current_index = 0

[node name="AnimationPlayer" type="AnimationPlayer" parent="." index="3"]
libraries = {
&"": SubResource("AnimationLibrary_rcpg0"),
&"humanoid_animations": ExtResource("3_spnwm")
}
