[gd_scene load_steps=30 format=3 uid="uid://dxkciqlfb31td"]

[ext_resource type="PackedScene" uid="uid://ccqv6vbrh71jr" path="res://models/human_female.glb" id="1_5etnq"]
[ext_resource type="Script" uid="uid://lvhaelpdejpj" path="res://lib/character_scene.gd" id="2_onmyu"]
[ext_resource type="AnimationLibrary" uid="uid://fs2ykwolevfy" path="res://models/characters/humanoid/humanoid_animations.tres" id="3_spnwm"]

[sub_resource type="CapsuleShape3D" id="CapsuleShape3D_spnwm"]
radius = 0.185948
height = 0.551579

[sub_resource type="CapsuleShape3D" id="CapsuleShape3D_rcpg0"]
radius = 0.163248
height = 0.326496

[sub_resource type="CapsuleShape3D" id="CapsuleShape3D_jyv0f"]
radius = 0.0258881
height = 0.258881

[sub_resource type="CapsuleShape3D" id="CapsuleShape3D_6dabe"]
radius = 0.0256056
height = 0.256056

[sub_resource type="CapsuleShape3D" id="CapsuleShape3D_5ndae"]
radius = 0.0258881
height = 0.258881

[sub_resource type="CapsuleShape3D" id="CapsuleShape3D_4lvpb"]
radius = 0.0256056
height = 0.256056

[sub_resource type="CapsuleShape3D" id="CapsuleShape3D_155w1"]
radius = 0.0459622
height = 0.459622

[sub_resource type="CapsuleShape3D" id="CapsuleShape3D_htdfc"]
radius = 0.0407458
height = 0.29876

[sub_resource type="CapsuleShape3D" id="CapsuleShape3D_gm04t"]
radius = 0.0459622
height = 0.459622

[sub_resource type="CapsuleShape3D" id="CapsuleShape3D_diewo"]
radius = 0.0407458
height = 0.324124

[sub_resource type="CapsuleShape3D" id="CapsuleShape3D_yt1gq"]
radius = 0.21205
height = 1.76024

[sub_resource type="AnimationNodeAnimation" id="AnimationNodeAnimation_ghnjs"]
animation = &"humanoid_animations/combat_melee_1h_attack"

[sub_resource type="AnimationNodeBlend2" id="AnimationNodeBlend2_ghnjs"]
filter_enabled = true
filters = ["metarig/Skeleton3D:foot.L", "metarig/Skeleton3D:foot.R", "metarig/Skeleton3D:pelvis.L", "metarig/Skeleton3D:pelvis.R", "metarig/Skeleton3D:shin.L", "metarig/Skeleton3D:shin.R", "metarig/Skeleton3D:spine", "metarig/Skeleton3D:spine.001", "metarig/Skeleton3D:thigh.L", "metarig/Skeleton3D:thigh.R", "metarig/Skeleton3D:toe.L", "metarig/Skeleton3D:toe.R"]

[sub_resource type="AnimationNodeAnimation" id="AnimationNodeAnimation_spnwm"]
animation = &"humanoid_animations/idle"
use_custom_timeline = true
timeline_length = 25.5833
stretch_time_scale = false
start_offset = 0.0
loop_mode = 1

[sub_resource type="AnimationNodeAnimation" id="AnimationNodeAnimation_onmyu"]
animation = &"humanoid_animations/idle_combat"
use_custom_timeline = true
timeline_length = 1.66667
stretch_time_scale = false
start_offset = 0.0
loop_mode = 1

[sub_resource type="AnimationNodeOneShot" id="AnimationNodeOneShot_spnwm"]
filter_enabled = true
filters = [".", "metarig/Skeleton3D:breast.L", "metarig/Skeleton3D:breast.R", "metarig/Skeleton3D:forearm.L", "metarig/Skeleton3D:forearm.R", "metarig/Skeleton3D:hand.L", "metarig/Skeleton3D:hand.R", "metarig/Skeleton3D:shoulder.L", "metarig/Skeleton3D:shoulder.R", "metarig/Skeleton3D:spine.002", "metarig/Skeleton3D:spine.003", "metarig/Skeleton3D:spine.004", "metarig/Skeleton3D:spine.005", "metarig/Skeleton3D:spine.006", "metarig/Skeleton3D:upper_arm.L", "metarig/Skeleton3D:upper_arm.R"]
fadein_time = 0.3
fadeout_time = 0.3

[sub_resource type="AnimationNodeTransition" id="AnimationNodeTransition_rcpg0"]
input_0/name = "MELEE_1H_ATTACK"
input_0/auto_advance = false
input_0/break_loop_at_end = true
input_0/reset = true
input_1/name = "READY_WEAPON"
input_1/auto_advance = false
input_1/break_loop_at_end = true
input_1/reset = true

[sub_resource type="AnimationNodeAnimation" id="AnimationNodeAnimation_rcpg0"]
animation = &"humanoid_animations/run"
use_custom_timeline = true
timeline_length = 1.04167
stretch_time_scale = false
start_offset = 0.0
loop_mode = 1

[sub_resource type="AnimationNodeBlend2" id="AnimationNodeBlend2_spnwm"]
filters = ["metarig/Skeleton3D:breast.L", "metarig/Skeleton3D:breast.R", "metarig/Skeleton3D:forearm.L", "metarig/Skeleton3D:forearm.R", "metarig/Skeleton3D:hand.L", "metarig/Skeleton3D:hand.R", "metarig/Skeleton3D:shoulder.L", "metarig/Skeleton3D:shoulder.R", "metarig/Skeleton3D:spine.002", "metarig/Skeleton3D:spine.003", "metarig/Skeleton3D:spine.004", "metarig/Skeleton3D:spine.005", "metarig/Skeleton3D:spine.006", "metarig/Skeleton3D:upper_arm.L", "metarig/Skeleton3D:upper_arm.R"]

[sub_resource type="AnimationNodeTransition" id="AnimationNodeTransition_onmyu"]
xfade_time = 0.25
input_0/name = "IDLE"
input_0/auto_advance = false
input_0/break_loop_at_end = false
input_0/reset = true
input_1/name = "COMBAT"
input_1/auto_advance = false
input_1/break_loop_at_end = false
input_1/reset = true

[sub_resource type="AnimationNodeTimeScale" id="AnimationNodeTimeScale_spnwm"]

[sub_resource type="AnimationNodeAnimation" id="AnimationNodeAnimation_7dijq"]
animation = &"humanoid_animations/walk_combat"
use_custom_timeline = true
timeline_length = 1.25
stretch_time_scale = false
start_offset = 0.0
loop_mode = 1

[sub_resource type="AnimationNodeAnimation" id="AnimationNodeAnimation_tm55r"]
animation = &"humanoid_animations/ready_weapon"

[sub_resource type="AnimationNodeBlendTree" id="AnimationNodeBlendTree_uj8ym"]
graph_offset = Vector2(-351.495, -193.045)
nodes/Animation/node = SubResource("AnimationNodeAnimation_ghnjs")
nodes/Animation/position = Vector2(-900, 700)
nodes/CombatWalkBlend/node = SubResource("AnimationNodeBlend2_ghnjs")
nodes/CombatWalkBlend/position = Vector2(-620, 380)
nodes/Idle/node = SubResource("AnimationNodeAnimation_spnwm")
nodes/Idle/position = Vector2(-620, -140)
nodes/IdleCombat/node = SubResource("AnimationNodeAnimation_onmyu")
nodes/IdleCombat/position = Vector2(-960, 340)
nodes/OneShot/node = SubResource("AnimationNodeOneShot_spnwm")
nodes/OneShot/position = Vector2(280, 320)
nodes/OneShotState/node = SubResource("AnimationNodeTransition_rcpg0")
nodes/OneShotState/position = Vector2(-100, 580)
nodes/Run/node = SubResource("AnimationNodeAnimation_rcpg0")
nodes/Run/position = Vector2(-520, 40)
nodes/RunBlend/node = SubResource("AnimationNodeBlend2_spnwm")
nodes/RunBlend/position = Vector2(-200, -160)
nodes/State/node = SubResource("AnimationNodeTransition_onmyu")
nodes/State/position = Vector2(60, 120)
nodes/TimeScale/node = SubResource("AnimationNodeTimeScale_spnwm")
nodes/TimeScale/position = Vector2(500, 160)
nodes/WalkCombat/node = SubResource("AnimationNodeAnimation_7dijq")
nodes/WalkCombat/position = Vector2(-960, 480)
nodes/output/position = Vector2(920, 280)
nodes/ready_weapon/node = SubResource("AnimationNodeAnimation_tm55r")
nodes/ready_weapon/position = Vector2(-820, 900)
node_connections = [&"CombatWalkBlend", 0, &"IdleCombat", &"CombatWalkBlend", 1, &"WalkCombat", &"OneShot", 0, &"State", &"OneShot", 1, &"OneShotState", &"OneShotState", 0, &"Animation", &"OneShotState", 1, &"ready_weapon", &"RunBlend", 0, &"Idle", &"RunBlend", 1, &"Run", &"State", 0, &"RunBlend", &"State", 1, &"CombatWalkBlend", &"TimeScale", 0, &"OneShot", &"output", 0, &"TimeScale"]

[sub_resource type="Animation" id="Animation_spnwm"]
length = 0.001

[sub_resource type="AnimationLibrary" id="AnimationLibrary_rcpg0"]
_data = {
&"RESET": SubResource("Animation_spnwm")
}

[node name="HumanFemale" node_paths=PackedStringArray("body", "eyes", "animation_tree", "collision_shape", "skeleton", "simulator") instance=ExtResource("1_5etnq")]
script = ExtResource("2_onmyu")
body = NodePath("metarig/Skeleton3D/human_female")
eyes = NodePath("metarig/Skeleton3D/eyes")
animation_tree = NodePath("AnimationTree")
collision_shape = NodePath("CollisionShape3D")
skeleton = NodePath("metarig/Skeleton3D")
simulator = NodePath("metarig/Skeleton3D/PhysicalBoneSimulator3D")

[node name="Skeleton3D" parent="metarig" index="0"]
bones/0/position = Vector3(-5.15638e-11, 0.906431, 0.0521648)
bones/1/rotation = Quaternion(0.0644764, 0.000137064, -0.000721977, 0.997919)
bones/2/rotation = Quaternion(0.0774642, 1.07667e-07, -2.04404e-08, 0.996995)
bones/3/rotation = Quaternion(-0.00168943, -0.00127521, 4.28658e-05, 0.999998)
bones/4/rotation = Quaternion(-0.201738, 2.58735e-08, 2.60151e-08, 0.979439)
bones/5/rotation = Quaternion(0.094858, -1.29702e-07, -2.23752e-08, 0.995491)
bones/6/rotation = Quaternion(0.0933311, -0.000786982, -7.14401e-05, 0.995635)
bones/7/position = Vector3(-0.0164163, 0.123096, -0.0701959)
bones/7/rotation = Quaternion(0.654189, -0.23856, 0.496404, 0.518371)
bones/7/scale = Vector3(0.934176, 0.934177, 0.934177)
bones/8/position = Vector3(-0.0362537, 0.186256, 0.00135039)
bones/8/rotation = Quaternion(0.128644, 0.785358, 0.48825, 0.358155)
bones/9/rotation = Quaternion(-0.175544, -0.0988582, -0.0278179, 0.9791)
bones/10/rotation = Quaternion(0.0544236, 0.0317856, 0.0401364, 0.997204)
bones/11/position = Vector3(0.0164163, 0.123096, -0.0701959)
bones/11/rotation = Quaternion(0.654163, 0.237073, -0.497363, 0.518167)
bones/11/scale = Vector3(0.934176, 0.934176, 0.934177)
bones/12/position = Vector3(0.0362528, 0.186256, 0.00137289)
bones/12/rotation = Quaternion(0.128373, -0.78581, -0.487523, 0.358253)
bones/13/rotation = Quaternion(-0.180048, 0.0993865, 0.026736, 0.978259)
bones/14/rotation = Quaternion(0.0544236, -0.0317856, -0.0401365, 0.997205)
bones/15/position = Vector3(-0.106522, -0.00437838, 0.0383555)
bones/15/scale = Vector3(1.0131, 1.0131, 1.0131)
bones/16/position = Vector3(0.106522, -0.00437838, 0.0383555)
bones/16/scale = Vector3(1.08372, 1.08372, 1.08372)
bones/17/rotation = Quaternion(0.186522, -0.77512, 0.325527, 0.50836)
bones/18/rotation = Quaternion(0.186522, 0.77512, -0.325528, 0.50836)
bones/19/rotation = Quaternion(0.98493, 0.00771475, 0.00127683, -0.172779)
bones/20/rotation = Quaternion(-0.0967758, -0.000688159, 0.00778937, 0.995275)
bones/21/rotation = Quaternion(0.527188, 3.43494e-07, 5.64785e-08, 0.849749)
bones/22/rotation = Quaternion(0.195167, 0.679639, 0.195167, 0.67964)
bones/24/rotation = Quaternion(0.985006, -0.00771431, -0.00127958, -0.172346)
bones/25/rotation = Quaternion(-0.0958897, 0.000680793, -0.00779001, 0.995361)
bones/26/rotation = Quaternion(0.526755, 3.19347e-07, 9.73284e-08, 0.850017)
bones/27/rotation = Quaternion(0.194937, 0.679705, 0.194937, 0.679706)

[node name="human_female" parent="metarig/Skeleton3D" index="1" groups=["body"]]

[node name="PhysicalBoneSimulator3D" type="PhysicalBoneSimulator3D" parent="metarig/Skeleton3D" index="2"]

[node name="Physical Bone spine_001" type="PhysicalBone3D" parent="metarig/Skeleton3D/PhysicalBoneSimulator3D" index="0" groups=["leg_bone"]]
transform = Transform3D(1, 4.76247e-07, 2.83559e-07, 1.55696e-07, 0.24963, -0.968341, -5.31954e-07, 0.968341, 0.24963, -1.09975e-05, 1.12357, 0.0161059)
collision_layer = 0
collision_mask = 0
joint_type = 3
joint_offset = Transform3D(1, 0, 0, 0, 1, 0, 0, 0, 1, 1.09444e-05, -0.0192877, 0.219268)
body_offset = Transform3D(1, 4.47037e-07, 2.45865e-07, 2.45869e-07, -9.81987e-06, -1, -4.47035e-07, 1, -9.81987e-06, -1.09897e-05, 0.219268, 0.0192899)
mass = 30.0
bone_name = "spine"
joint_constraints/angular_limit_enabled = false
joint_constraints/angular_limit_upper = 90.0
joint_constraints/angular_limit_lower = -90.0
joint_constraints/angular_limit_bias = 0.3
joint_constraints/angular_limit_softness = 0.9
joint_constraints/angular_limit_relaxation = 1.0

[node name="CollisionShape3D" type="CollisionShape3D" parent="metarig/Skeleton3D/PhysicalBoneSimulator3D/Physical Bone spine_001" index="0"]
transform = Transform3D(1, -1.08167e-07, -5.34449e-08, 7.78392e-08, 0.239957, 0.970783, -9.21822e-08, -0.970783, 0.239957, 1.79236e-08, 0.00413221, -0.0739031)
shape = SubResource("CapsuleShape3D_spnwm")

[node name="Physical Bone spine_004" type="PhysicalBone3D" parent="metarig/Skeleton3D/PhysicalBoneSimulator3D" index="1"]
transform = Transform3D(0.999996, -0.0018775, -0.00228364, -0.00142917, 0.369187, -0.929354, 0.00258795, 0.929353, 0.369183, 0.000717011, 1.51599, 0.00177073)
collision_layer = 0
collision_mask = 0
joint_type = 3
joint_offset = Transform3D(1, 0, 0, 0, 1, 0, 0, 0, 1, -1.97174e-06, -3.80548e-05, 0.0301112)
body_offset = Transform3D(1, -4.52953e-05, 1.61038e-05, 1.61179e-05, 0.000305831, -1, 4.52902e-05, 1, 0.000305742, 1.48511e-06, 0.0301112, 2.88486e-05)
mass = 15.0
bone_name = "spine.004"
joint_constraints/angular_limit_enabled = false
joint_constraints/angular_limit_upper = 90.0
joint_constraints/angular_limit_lower = -90.0
joint_constraints/angular_limit_bias = 0.3
joint_constraints/angular_limit_softness = 0.9
joint_constraints/angular_limit_relaxation = 1.0

[node name="CollisionShape3D" type="CollisionShape3D" parent="metarig/Skeleton3D/PhysicalBoneSimulator3D/Physical Bone spine_004" index="0"]
transform = Transform3D(0.999733, -0.0222078, -0.00639255, 0.014331, 0.378767, 0.925381, -0.0181294, -0.925226, 0.378984, 0.00130201, -0.00606418, -0.116449)
shape = SubResource("CapsuleShape3D_rcpg0")

[node name="Physical Bone upper_arm_L" type="PhysicalBone3D" parent="metarig/Skeleton3D/PhysicalBoneSimulator3D" index="2"]
transform = Transform3D(-0.910238, -0.396453, 0.11955, 0.0763776, 0.123012, 0.989462, -0.406981, 0.909777, -0.0816902, -0.187012, 1.25067, -0.00480204)
collision_layer = 0
collision_mask = 0
joint_type = 1
joint_offset = Transform3D(1, 0, 0, 0, 1, 0, 0, 0, 1, 7.30218e-06, 3.2555e-05, 0.121217)
body_offset = Transform3D(1.07046, -9.90927e-05, 2.92137e-05, 2.91988e-05, -0.000241846, -1.07046, 9.89735e-05, 1.07046, -0.000241891, -1.13547e-05, 0.129758, -5.52833e-06)
mass = 2.0
bone_name = "upper_arm.L"
joint_constraints/bias = 0.3
joint_constraints/damping = 1.0
joint_constraints/impulse_clamp = 0.0

[node name="CollisionShape3D" type="CollisionShape3D" parent="metarig/Skeleton3D/PhysicalBoneSimulator3D/Physical Bone upper_arm_L" index="0"]
transform = Transform3D(1, -2.32831e-09, -7.45058e-09, 0, 3.72529e-09, 1, 1.39698e-09, -1, 0, -0.00141561, 0.000710666, 0.0146957)
shape = SubResource("CapsuleShape3D_jyv0f")

[node name="Physical Bone forearm_L" type="PhysicalBone3D" parent="metarig/Skeleton3D/PhysicalBoneSimulator3D" index="3"]
transform = Transform3D(-0.969227, -0.238992, 0.0590054, 0.119424, -0.246895, 0.961655, -0.21526, 0.939109, 0.267839, -0.20849, 1.01606, -0.0269693)
collision_layer = 0
collision_mask = 0
joint_type = 1
joint_offset = Transform3D(1, 0, 0, 0, 1, 0, 0, 0, 1, 4.18185e-05, -9.65067e-05, 0.119829)
body_offset = Transform3D(1.07046, 0.000212505, -7.24681e-05, -7.24234e-05, 0.00014025, -1.07046, -0.000212625, 1.07046, 0.000140071, -3.60608e-05, 0.128272, 8.6531e-05)
bone_name = "forearm.L"
joint_constraints/bias = 0.3
joint_constraints/damping = 1.0
joint_constraints/impulse_clamp = 0.0

[node name="CollisionShape3D" type="CollisionShape3D" parent="metarig/Skeleton3D/PhysicalBoneSimulator3D/Physical Bone forearm_L" index="0"]
transform = Transform3D(1, 0, 0, 0, 0, 1, 0, -1, 0, 0, 0, 0)
shape = SubResource("CapsuleShape3D_6dabe")

[node name="Physical Bone upper_arm_R" type="PhysicalBone3D" parent="metarig/Skeleton3D/PhysicalBoneSimulator3D" index="4"]
transform = Transform3D(-0.912636, 0.392329, -0.114774, -0.0713833, 0.1235, 0.989774, 0.402492, 0.911496, -0.0847052, 0.188512, 1.24927, -0.00374127)
collision_layer = 0
collision_mask = 0
joint_type = 1
joint_offset = Transform3D(1, 0, 0, 0, 1, 0, 0, 0, 1, 0.00120791, -0.000104017, 0.121753)
body_offset = Transform3D(1.07046, 0.000356764, 3.98234e-05, 3.9652e-05, -0.000223629, -1.07046, -0.000356823, 1.07046, -0.000223815, -0.00129783, 0.130332, 0.000139028)
mass = 2.0
bone_name = "upper_arm.R"
joint_constraints/bias = 0.3
joint_constraints/damping = 1.0
joint_constraints/impulse_clamp = 0.0

[node name="CollisionShape3D" type="CollisionShape3D" parent="metarig/Skeleton3D/PhysicalBoneSimulator3D/Physical Bone upper_arm_R" index="0"]
transform = Transform3D(1, 4.65661e-09, 0, -7.45058e-09, 0, 1, 2.32831e-09, -1, 0, 0.00105214, 0.000528157, 0.0109214)
shape = SubResource("CapsuleShape3D_5ndae")

[node name="Physical Bone forearm_R" type="PhysicalBone3D" parent="metarig/Skeleton3D/PhysicalBoneSimulator3D" index="5"]
transform = Transform3D(-0.971358, 0.232058, -0.0511063, -0.111334, -0.254461, 0.960653, 0.209922, 0.938828, 0.273009, 0.207279, 1.01527, -0.0258785)
collision_layer = 0
collision_mask = 0
joint_type = 1
joint_offset = Transform3D(1, 0, 0, 0, 1, 0, 0, 0, 1, 2.694e-05, -4.07287e-05, 0.119742)
body_offset = Transform3D(1.07046, -0.000281334, -5.17778e-05, -5.19678e-05, 0.000292391, -1.07046, 0.000281215, 1.07046, 0.000292361, -2.26498e-05, 0.128179, 8.58307e-06)
bone_name = "forearm.R"
joint_constraints/bias = 0.3
joint_constraints/damping = 1.0
joint_constraints/impulse_clamp = 0.0

[node name="CollisionShape3D" type="CollisionShape3D" parent="metarig/Skeleton3D/PhysicalBoneSimulator3D/Physical Bone forearm_R" index="0"]
transform = Transform3D(1, 0, 0, 0, 0, 1, 0, -1, 0, 0, 0, 0)
shape = SubResource("CapsuleShape3D_4lvpb")

[node name="Physical Bone thigh_L" type="PhysicalBone3D" parent="metarig/Skeleton3D/PhysicalBoneSimulator3D" index="6" groups=["leg_bone"]]
transform = Transform3D(0.999878, -0.000151623, -0.0156302, 0.015574, 0.0949134, 0.995364, 0.0013326, -0.995486, 0.0949042, -0.0950997, 0.939919, 0.0202117)
collision_layer = 0
collision_mask = 0
joint_type = 2
joint_offset = Transform3D(1, -1.16415e-10, -1.01863e-10, 1.16415e-10, 1, 7.45058e-09, 1.01863e-10, -7.45058e-09, 1, 0, 0, 0)
joint_rotation = Vector3(-7.45058e-09, -1.01863e-10, 1.16415e-10)
body_offset = Transform3D(1, -2.03727e-08, 8.01178e-06, 8.00831e-06, -5.32866e-05, -1, 2.15368e-08, 0.999997, -5.32269e-05, 0, 0, 0)
mass = 10.0
bone_name = "thigh.L"
joint_constraints/swing_span = 83.15
joint_constraints/twist_span = 0.0
joint_constraints/bias = 0.3
joint_constraints/softness = 0.8
joint_constraints/relaxation = 1.0

[node name="CollisionShape3D" type="CollisionShape3D" parent="metarig/Skeleton3D/PhysicalBoneSimulator3D/Physical Bone thigh_L" index="0"]
transform = Transform3D(1, 0, 0, 0, 0, 1, 0, -1, 0, 0, 0, 0)
shape = SubResource("CapsuleShape3D_155w1")

[node name="Physical Bone shin_L" type="PhysicalBone3D" parent="metarig/Skeleton3D/PhysicalBoneSimulator3D" index="7" groups=["leg_bone"]]
transform = Transform3D(-0.133128, -0.0980533, 0.986236, -0.991099, 0.013223, -0.13247, -5.18337e-05, -0.995093, -0.0989409, -0.0881888, 0.277928, -0.00319684)
collision_layer = 0
collision_mask = 0
joint_type = 3
joint_offset = Transform3D(1, 0, 0, 0, 1, 0, 0, 0, 1, -0.202713, 0.022765, -0.0248194)
body_offset = Transform3D(-0.133129, -0.0980405, 0.986238, 0.986255, -0.11137, 0.122061, 0.0978707, 0.988928, 0.111519, -0.000277288, 0.205491, 9.44789e-05)
mass = 6.0
bone_name = "shin.L"
joint_constraints/angular_limit_enabled = true
joint_constraints/angular_limit_upper = 170.0
joint_constraints/angular_limit_lower = 0.0
joint_constraints/angular_limit_bias = 0.3
joint_constraints/angular_limit_softness = 0.9
joint_constraints/angular_limit_relaxation = 1.0

[node name="CollisionShape3D" type="CollisionShape3D" parent="metarig/Skeleton3D/PhysicalBoneSimulator3D/Physical Bone shin_L" index="0"]
transform = Transform3D(0.135456, -0.98595, -0.0977443, 0.0977969, -0.0848666, 0.991581, -0.985945, -0.143875, 0.0849272, -4.18723e-05, 2.87024e-05, -2.85357e-06)
shape = SubResource("CapsuleShape3D_htdfc")

[node name="Physical Bone thigh_R" type="PhysicalBone3D" parent="metarig/Skeleton3D/PhysicalBoneSimulator3D" index="8" groups=["leg_bone"]]
transform = Transform3D(0.999879, 0.00014244, 0.0155861, -0.0155303, 0.0941082, 0.995441, -0.00132499, -0.995562, 0.094099, 0.0915222, 0.703614, -0.0025791)
collision_layer = 0
collision_mask = 0
joint_type = 2
joint_offset = Transform3D(0.999998, 0, 0, 0, -3.61998e-06, -0.999999, 0, 0.999998, -3.61999e-06, -0.000123028, -0.000450931, 0.237427)
joint_rotation = Vector3(1.5708, 0, 0)
body_offset = Transform3D(1, 2.2609e-06, -5.21951e-05, -5.21941e-05, -0.000125118, -1, -2.26859e-06, 0.999999, -0.000125058, 0.000135422, 0.237427, 0.000480622)
mass = 8.0
bone_name = "thigh.R"
joint_constraints/swing_span = 83.15
joint_constraints/twist_span = 0.0
joint_constraints/bias = 0.3
joint_constraints/softness = 0.8
joint_constraints/relaxation = 1.0

[node name="CollisionShape3D" type="CollisionShape3D" parent="metarig/Skeleton3D/PhysicalBoneSimulator3D/Physical Bone thigh_R" index="0"]
transform = Transform3D(1, 0, 0, 0, 0, 1, 0, -1, 0, 0, 0, 0)
shape = SubResource("CapsuleShape3D_gm04t")

[node name="Physical Bone shin_R" type="PhysicalBone3D" parent="metarig/Skeleton3D/PhysicalBoneSimulator3D" index="9" groups=["leg_bone"]]
transform = Transform3D(-0.0357817, -0.0991682, 0.994427, -0.99935, -0.000815998, -0.0360402, 0.00438549, -0.99507, -0.0990745, 0.0893932, 0.279555, 0.00241915)
collision_layer = 0
collision_mask = 0
joint_type = 3
joint_offset = Transform3D(1, 0, 0, 0, 0.999996, 0, 0, 0, 0.999996, -0.202759, 0.0252563, -0.00626652)
body_offset = Transform3D(-0.0357818, -0.0991677, 0.994427, 0.994988, -0.0965057, 0.0261781, 0.0933722, 0.990379, 0.102124, 0.00148113, 0.204344, -0.00544129)
mass = 3.0
bone_name = "shin.R"
joint_constraints/angular_limit_enabled = true
joint_constraints/angular_limit_upper = 170.0
joint_constraints/angular_limit_lower = 0.0
joint_constraints/angular_limit_bias = 0.3
joint_constraints/angular_limit_softness = 0.9
joint_constraints/angular_limit_relaxation = 1.0

[node name="CollisionShape3D" type="CollisionShape3D" parent="metarig/Skeleton3D/PhysicalBoneSimulator3D/Physical Bone shin_R" index="0"]
transform = Transform3D(-0.0131066, -0.994499, -0.103926, 0.0954806, -0.104705, 0.989909, -0.995345, 0.00305143, 0.0963277, 0.0149769, -0.00487797, 4.20734e-05)
shape = SubResource("CapsuleShape3D_diewo")

[node name="CollisionShape3D" type="CollisionShape3D" parent="." index="1"]
transform = Transform3D(1, 0, 0, 0, 1, 0, 0, 0, 1, 0, 0.912438, 0)
shape = SubResource("CapsuleShape3D_yt1gq")

[node name="AnimationTree" type="AnimationTree" parent="." index="2"]
callback_mode_method = 1
tree_root = SubResource("AnimationNodeBlendTree_uj8ym")
anim_player = NodePath("../AnimationPlayer")
parameters/CombatWalkBlend/blend_amount = 0.0
parameters/OneShot/active = false
parameters/OneShot/internal_active = false
parameters/OneShot/request = 0
parameters/OneShotState/current_state = "READY_WEAPON_POST"
parameters/OneShotState/transition_request = ""
parameters/OneShotState/current_index = 3
parameters/RunBlend/blend_amount = 0
parameters/State/current_state = "IDLE"
parameters/State/transition_request = ""
parameters/State/current_index = 0
parameters/TimeScale/scale = 1.0

[node name="AnimationPlayer" type="AnimationPlayer" parent="." index="3"]
libraries = {
&"": SubResource("AnimationLibrary_rcpg0"),
&"humanoid_animations": ExtResource("3_spnwm")
}
