[gd_scene load_steps=22 format=3 uid="uid://dxkciqlfb31td"]

[ext_resource type="PackedScene" uid="uid://ccqv6vbrh71jr" path="res://models/human_female.glb" id="1_5etnq"]

[sub_resource type="CapsuleShape3D" id="CapsuleShape3D_a0fj6"]
radius = 0.075368
height = 0.150736

[sub_resource type="CapsuleShape3D" id="CapsuleShape3D_ofxma"]
radius = 0.0637363
height = 0.127473

[sub_resource type="CapsuleShape3D" id="CapsuleShape3D_2ajha"]
radius = 0.0675105
height = 0.135021

[sub_resource type="CapsuleShape3D" id="CapsuleShape3D_7mkr5"]
radius = 0.0604066
height = 0.155693

[sub_resource type="CapsuleShape3D" id="CapsuleShape3D_wrpup"]
radius = 0.0309963
height = 0.0619926

[sub_resource type="CapsuleShape3D" id="CapsuleShape3D_3ncyp"]
radius = 0.074552
height = 0.149104

[sub_resource type="CapsuleShape3D" id="CapsuleShape3D_vkqsd"]
radius = 0.0532711
height = 0.199028

[sub_resource type="CapsuleShape3D" id="CapsuleShape3D_j113q"]
radius = 0.0258881
height = 0.258881

[sub_resource type="CapsuleShape3D" id="CapsuleShape3D_ka3jt"]
radius = 0.0256056
height = 0.256056

[sub_resource type="CapsuleShape3D" id="CapsuleShape3D_47rdv"]
radius = 0.0586426
height = 0.199028

[sub_resource type="CapsuleShape3D" id="CapsuleShape3D_ie438"]
radius = 0.0258881
height = 0.258881

[sub_resource type="CapsuleShape3D" id="CapsuleShape3D_a0l17"]
radius = 0.0256056
height = 0.256056

[sub_resource type="CapsuleShape3D" id="CapsuleShape3D_y7xe2"]
radius = 0.0459622
height = 0.459622

[sub_resource type="CapsuleShape3D" id="CapsuleShape3D_olxe2"]
radius = 0.0407458
height = 0.407458

[sub_resource type="CapsuleShape3D" id="CapsuleShape3D_lctsx"]
radius = 0.0115941
height = 0.115941

[sub_resource type="CapsuleShape3D" id="CapsuleShape3D_jtgl3"]
radius = 0.0459622
height = 0.459622

[sub_resource type="CapsuleShape3D" id="CapsuleShape3D_nyirh"]
radius = 0.0407458
height = 0.407458

[sub_resource type="CapsuleShape3D" id="CapsuleShape3D_d5wye"]
radius = 0.0115941
height = 0.115941

[sub_resource type="CapsuleShape3D" id="CapsuleShape3D_h2y6v"]
radius = 0.0162622
height = 0.112939

[sub_resource type="CapsuleShape3D" id="CapsuleShape3D_yt1gq"]
radius = 0.21205
height = 1.76024

[node name="human_female" instance=ExtResource("1_5etnq")]

[node name="Skeleton3D" parent="metarig" index="0"]
bones/0/position = Vector3(-1.90681e-10, 0.905942, 0.0521648)
bones/2/rotation = Quaternion(0.0774642, 1.07667e-07, -2.04404e-08, 0.996995)
bones/3/rotation = Quaternion(-0.00162718, 2.5335e-10, 2.53226e-10, 0.999999)
bones/5/rotation = Quaternion(0.094858, -1.2986e-07, -2.21006e-08, 0.995491)
bones/6/rotation = Quaternion(0.0937119, 1.05752e-07, -2.41041e-08, 0.995599)
bones/7/rotation = Quaternion(0.654063, -0.236832, 0.497506, 0.518266)
bones/7/scale = Vector3(0.934176, 0.934177, 0.934177)
bones/8/position = Vector3(-0.0362537, 0.186256, 0.00135039)
bones/8/rotation = Quaternion(0.128056, 0.785654, 0.487586, 0.358621)
bones/9/rotation = Quaternion(-0.179627, -0.0993653, -0.0267119, 0.978339)
bones/10/rotation = Quaternion(0.0544236, 0.0317856, 0.0401364, 0.997205)
bones/11/rotation = Quaternion(0.654163, 0.237073, -0.497363, 0.518167)
bones/11/scale = Vector3(0.934176, 0.934176, 0.934177)
bones/12/position = Vector3(0.0362528, 0.186256, 0.00137289)
bones/12/rotation = Quaternion(0.128209, -0.785767, -0.487546, 0.358374)
bones/13/rotation = Quaternion(-0.179628, 0.0993653, 0.0267119, 0.978339)
bones/14/rotation = Quaternion(0.0544236, -0.0317856, -0.0401365, 0.997205)
bones/15/position = Vector3(-0.106212, -0.00437838, 0.0383555)
bones/15/scale = Vector3(1.0131, 1.0131, 1.0131)
bones/16/position = Vector3(0.106212, -0.00437838, 0.0383555)
bones/16/scale = Vector3(1.08372, 1.08372, 1.08372)
bones/17/rotation = Quaternion(0.186522, -0.77512, 0.325527, 0.50836)
bones/18/rotation = Quaternion(0.186522, 0.77512, -0.325528, 0.50836)
bones/19/rotation = Quaternion(0.985, 0.0077142, 0.00127982, -0.172376)
bones/20/rotation = Quaternion(-0.0963358, -0.000684714, 0.00778965, 0.995318)
bones/21/rotation = Quaternion(0.527363, 3.33011e-07, 6.53739e-08, 0.84964)
bones/22/rotation = Quaternion(0.194937, 0.679705, 0.194937, 0.679706)
bones/25/rotation = Quaternion(0.985, -0.00771427, -0.00127982, -0.172376)
bones/27/rotation = Quaternion(0.527364, 3.09941e-07, 1.03665e-07, 0.84964)
bones/28/rotation = Quaternion(0.194937, 0.679705, 0.194937, 0.679706)

[node name="Physical Bone spine" type="PhysicalBone3D" parent="metarig/Skeleton3D" index="1"]
transform = Transform3D(1, 2.92114e-08, 3.76948e-08, 2.92089e-08, 0.24964, -0.968339, -3.76967e-08, 0.968339, 0.24964, -2.76402e-09, 0.972056, 0.0351205)
joint_type = 3
joint_offset = Transform3D(1, 0, 0, 0, 1, 0, 0, 0, 1, -2.88477e-13, -1.52608e-08, 0.0682756)
body_offset = Transform3D(1, 2.18492e-12, 2.18492e-13, 2.22933e-13, 2.23517e-07, -1, -2.18492e-12, 1, 2.23517e-07, 2.73559e-13, 0.0682756, 0)
mass = 15.0
bone_name = "spine"
joint_constraints/angular_limit_enabled = true
joint_constraints/angular_limit_upper = 10.0
joint_constraints/angular_limit_lower = -10.0
joint_constraints/angular_limit_bias = 0.3
joint_constraints/angular_limit_softness = 0.9
joint_constraints/angular_limit_relaxation = 1.0

[node name="CollisionShape3D" type="CollisionShape3D" parent="metarig/Skeleton3D/Physical Bone spine" index="0"]
transform = Transform3D(1, 0, -1.81188e-13, 0, 0, 1, 0, -1, 0, -2.33769e-10, -0.00200364, 0.00777203)
shape = SubResource("CapsuleShape3D_a0fj6")

[node name="Physical Bone spine_001" type="PhysicalBone3D" parent="metarig/Skeleton3D" index="2"]
transform = Transform3D(1, -2.22013e-07, 1.85651e-08, 4.57215e-08, 0.122953, -0.992413, 2.18045e-07, 0.992412, 0.122953, -6.33536e-09, 1.09899, 0.0105409)
joint_type = 3
joint_offset = Transform3D(-3.61999e-06, 0, 1, 0, 1, 0, -1, 0, -3.61999e-06, -1.40261e-10, 2.37383e-07, 0.0612858)
joint_rotation = Vector3(0, 1.5708, 0)
body_offset = Transform3D(1, -1.3074e-12, -4.60076e-13, -4.61853e-13, -4.91738e-07, -1, 1.33582e-12, 1, -4.69387e-07, 1.4029e-10, 0.0612859, -2.08616e-07)
mass = 15.0
bone_name = "spine.001"
joint_constraints/angular_limit_enabled = true
joint_constraints/angular_limit_upper = 1.0
joint_constraints/angular_limit_lower = -1.0
joint_constraints/angular_limit_bias = 0.3
joint_constraints/angular_limit_softness = 0.9
joint_constraints/angular_limit_relaxation = 1.0

[node name="CollisionShape3D" type="CollisionShape3D" parent="metarig/Skeleton3D/Physical Bone spine_001" index="0"]
transform = Transform3D(1, 0, 0, 0, 0, 1, 0, -1, 0, 0, 0, 0)
shape = SubResource("CapsuleShape3D_ofxma")

[node name="Physical Bone spine_002" type="PhysicalBone3D" parent="metarig/Skeleton3D" index="3"]
transform = Transform3D(1, -4.95864e-09, -4.80342e-09, -4.95874e-09, -0.0318124, -0.999494, 4.80332e-09, 0.999494, -0.0318124, -7.23414e-09, 1.23748, 0.00562199)
joint_type = 3
joint_offset = Transform3D(-3.61999e-06, 0, 0.999999, 0, 1, 0, -0.999999, 0, -3.61999e-06, -6.76472e-12, -0.000143908, 0.0777173)
joint_rotation = Vector3(0, 1.5708, 0)
body_offset = Transform3D(1, 2.68674e-13, 5.06956e-14, 4.43534e-14, 2.86847e-07, -1, -2.50466e-13, 1, 3.31551e-07, 6.76081e-12, 0.0777173, 0.000143882)
mass = 15.0
bone_name = "spine.002"
joint_constraints/angular_limit_enabled = true
joint_constraints/angular_limit_upper = 1.0
joint_constraints/angular_limit_lower = -1.0
joint_constraints/angular_limit_bias = 0.3
joint_constraints/angular_limit_softness = 0.9
joint_constraints/angular_limit_relaxation = 1.0

[node name="CollisionShape3D" type="CollisionShape3D" parent="metarig/Skeleton3D/Physical Bone spine_002" index="0"]
transform = Transform3D(1, 0, 0, 0, 0, 1, 0, -1, 0, 0, 0, 0)
shape = SubResource("CapsuleShape3D_2ajha")

[node name="Physical Bone spine_003" type="PhysicalBone3D" parent="metarig/Skeleton3D" index="4"]
transform = Transform3D(1, -4.43773e-09, -4.3128e-09, -4.43778e-09, -0.0285598, -0.999592, 4.31275e-09, 0.999592, -0.0285598, -6.49628e-09, 1.40111, 0.010407)
joint_type = 3
joint_offset = Transform3D(-3.61999e-06, 0, 1, 0, 1, 0, -1, 0, -3.61999e-06, 4.10548e-14, -1.99332e-06, 0.0863236)
joint_rotation = Vector3(0, 1.5708, 0)
body_offset = Transform3D(1, -3.58824e-13, -4.85889e-13, -4.91898e-13, 0, -1, 3.76588e-13, 1, 4.65661e-08, 8.88178e-16, 0.0863236, 1.98931e-06)
mass = 5.0
bone_name = "spine.003"
joint_constraints/angular_limit_enabled = true
joint_constraints/angular_limit_upper = 1.0
joint_constraints/angular_limit_lower = -1.0
joint_constraints/angular_limit_bias = 0.3
joint_constraints/angular_limit_softness = 0.9
joint_constraints/angular_limit_relaxation = 1.0

[node name="CollisionShape3D" type="CollisionShape3D" parent="metarig/Skeleton3D/Physical Bone spine_003" index="0"]
transform = Transform3D(1, 0, 0, 0, 0, 1, 0, -1, 0, 0, 0, 0)
shape = SubResource("CapsuleShape3D_7mkr5")

[node name="Physical Bone spine_004" type="PhysicalBone3D" parent="metarig/Skeleton3D" index="5"]
transform = Transform3D(1, 3.7814e-08, 5.56838e-08, 3.78136e-08, 0.368785, -0.929515, -5.5684e-08, 0.929515, 0.368786, -8.61956e-09, 1.51509, 0.00192956)
joint_type = 3
joint_offset = Transform3D(-3.61999e-06, 0, 1, 0, 1, 0, -1, 0, -3.61999e-06, 8.4352e-10, -2.79102e-07, 0.0296763)
joint_rotation = Vector3(0, 1.5708, 0)
body_offset = Transform3D(1, -4.61853e-13, -1.28253e-12, -1.27542e-12, 1.37091e-06, -1, 4.68958e-13, 1, 1.37091e-06, -8.43482e-10, 0.0296763, 2.38419e-07)
mass = 2.0
bone_name = "spine.004"
joint_constraints/angular_limit_enabled = true
joint_constraints/angular_limit_upper = 2.0
joint_constraints/angular_limit_lower = -2.0
joint_constraints/angular_limit_bias = 0.3
joint_constraints/angular_limit_softness = 0.9
joint_constraints/angular_limit_relaxation = 1.0

[node name="CollisionShape3D" type="CollisionShape3D" parent="metarig/Skeleton3D/Physical Bone spine_004" index="0"]
transform = Transform3D(1, 0, 0, 0, 0, 1, 0, -1, 0, 0, 0, 0)
shape = SubResource("CapsuleShape3D_wrpup")

[node name="Physical Bone spine_005" type="PhysicalBone3D" parent="metarig/Skeleton3D" index="6"]
transform = Transform3D(1, -2.15094e-07, 2.81764e-08, 6.78179e-08, 0.186599, -0.982436, 2.06058e-07, 0.982436, 0.186599, -1.02222e-08, 1.57031, -0.0142623)
joint_type = 3
joint_offset = Transform3D(1, 0, 0, 0, 1, 0, 0, 0, 1, 1.11118e-12, -2.52667e-07, 0.0281233)
body_offset = Transform3D(1, -2.98428e-12, 6.60805e-13, 6.64357e-13, 4.76837e-07, -1, 3.08376e-12, 1, 5.06639e-07, -1.12976e-12, 0.0281233, 2.38419e-07)
bone_name = "spine.005"
joint_constraints/angular_limit_enabled = true
joint_constraints/angular_limit_upper = 1.0
joint_constraints/angular_limit_lower = -1.0
joint_constraints/angular_limit_bias = 0.3
joint_constraints/angular_limit_softness = 0.9
joint_constraints/angular_limit_relaxation = 1.0

[node name="CollisionShape3D" type="CollisionShape3D" parent="metarig/Skeleton3D/Physical Bone spine_005" index="0"]
transform = Transform3D(1, 0, 7.10543e-13, 0, 0, 1, -1.42109e-14, -1, 0, 3.02678e-09, 0.00832546, -0.043833)
shape = SubResource("CapsuleShape3D_3ncyp")

[node name="Physical Bone shoulder_L" type="PhysicalBone3D" parent="metarig/Skeleton3D" index="7"]
transform = Transform3D(-0.37936, 0.242604, 0.892877, 0.92381, 0.0455149, 0.380136, 0.0515834, 0.969057, -0.241387, -0.0994196, 1.40452, -0.0362227)
joint_type = 3
joint_offset = Transform3D(1, 0, 0, 0, 1, 0, 0, 0, 1, 9.1691e-06, -4.74887e-05, 0.0929785)
body_offset = Transform3D(0.0684782, 1.04626, 0.215735, 1.4957e-06, 0.216178, -1.04841, -1.06827, 0.0670675, 0.0138275, -0.0200097, 0.0974894, -0.00127268)
bone_name = "shoulder.L"
joint_constraints/angular_limit_enabled = true
joint_constraints/angular_limit_upper = 90.0
joint_constraints/angular_limit_lower = -90.0
joint_constraints/angular_limit_bias = 0.3
joint_constraints/angular_limit_softness = 0.9
joint_constraints/angular_limit_relaxation = 1.0

[node name="CollisionShape3D" type="CollisionShape3D" parent="metarig/Skeleton3D/Physical Bone shoulder_L" index="0"]
transform = Transform3D(1, 0, 0, 0, 0, 1, 0, -1, 0, 0, 0, 0)
shape = SubResource("CapsuleShape3D_vkqsd")

[node name="Physical Bone upper_arm_L" type="PhysicalBone3D" parent="metarig/Skeleton3D" index="8"]
transform = Transform3D(-0.911451, -0.394574, 0.116483, 0.0729907, 0.123552, 0.98965, -0.404882, 0.91052, -0.0838111, -0.186926, 1.24977, -0.00392474)
joint_type = 2
joint_offset = Transform3D(0.999999, -2.98023e-08, 0, 2.98023e-08, 0.999999, 4.88498e-15, -1.45584e-22, -4.88499e-15, 0.999998, -1.08227e-06, -1.23328e-06, 0.120921)
joint_rotation = Vector3(-4.88499e-15, 0, 2.98023e-08)
body_offset = Transform3D(1.07046, -8.9407e-07, -1.017e-06, -7.59959e-07, -1.02073e-06, -1.07046, -1.19209e-07, 1.07046, -1.03563e-06, 1.2815e-06, 0.129441, 1.44541e-06)
mass = 5.0
bone_name = "upper_arm.L"
joint_constraints/swing_span = 60.0
joint_constraints/twist_span = 0.0
joint_constraints/bias = 0.3
joint_constraints/softness = 0.8
joint_constraints/relaxation = 1.0

[node name="CollisionShape3D" type="CollisionShape3D" parent="metarig/Skeleton3D/Physical Bone upper_arm_L" index="0"]
transform = Transform3D(1, 0, 0, 0, 0, 1, 0, -1, 0, 0, 0, 0)
shape = SubResource("CapsuleShape3D_j113q")

[node name="Physical Bone forearm_L" type="PhysicalBone3D" parent="metarig/Skeleton3D" index="9"]
transform = Transform3D(-0.970726, -0.234405, 0.0523961, 0.113048, -0.253406, 0.960732, -0.211923, 0.938531, 0.272487, -0.207278, 1.01519, -0.0263844)
joint_type = 3
joint_offset = Transform3D(-3.61999e-06, 0, 1, 0, 0.999999, 0, -0.999999, 0, -3.61999e-06, -1.0897e-06, 8.31442e-07, 0.11961)
joint_rotation = Vector3(0, 1.5708, 0)
body_offset = Transform3D(1.07046, -1.05798e-05, -1.21072e-06, -6.63102e-07, -3.97563e-05, -1.07046, 9.73046e-06, 1.07046, -3.94583e-05, 1.3113e-06, 0.128038, 3.8296e-06)
mass = 5.0
bone_name = "forearm.L"
joint_constraints/angular_limit_enabled = true
joint_constraints/angular_limit_upper = 90.0
joint_constraints/angular_limit_lower = -90.0
joint_constraints/angular_limit_bias = 0.3
joint_constraints/angular_limit_softness = 0.9
joint_constraints/angular_limit_relaxation = 1.0

[node name="CollisionShape3D" type="CollisionShape3D" parent="metarig/Skeleton3D/Physical Bone forearm_L" index="0"]
transform = Transform3D(1, 0, 0, 0, 0, 1, 0, -1, 0, 0, 0, 0)
shape = SubResource("CapsuleShape3D_ka3jt")

[node name="Physical Bone shoulder_R" type="PhysicalBone3D" parent="metarig/Skeleton3D" index="10"]
transform = Transform3D(-0.379324, -0.242367, -0.892957, -0.923831, 0.045509, 0.380087, -0.0514828, 0.969117, -0.241168, 0.0994524, 1.40455, -0.0362844)
joint_type = 3
joint_offset = Transform3D(1, 0, 0, 0, 1, 0, 0, 0, 1, 1.71976e-05, -2.09912e-06, 0.0929835)
body_offset = Transform3D(0.067777, -1.0463, -0.215749, 2.04165e-05, 0.216184, -1.0484, 1.06831, 0.0663764, 0.0137077, 0.0200578, 0.0974848, -0.00129282)
bone_name = "shoulder.R"
joint_constraints/angular_limit_enabled = true
joint_constraints/angular_limit_upper = 90.0
joint_constraints/angular_limit_lower = -90.0
joint_constraints/angular_limit_bias = 0.3
joint_constraints/angular_limit_softness = 0.9
joint_constraints/angular_limit_relaxation = 1.0

[node name="CollisionShape3D" type="CollisionShape3D" parent="metarig/Skeleton3D/Physical Bone shoulder_R" index="0"]
transform = Transform3D(1, 0, 0, 0, 0, 1, 0, -1, 0, 0, 0, 0)
shape = SubResource("CapsuleShape3D_47rdv")

[node name="Physical Bone upper_arm_R" type="PhysicalBone3D" parent="metarig/Skeleton3D" index="11"]
transform = Transform3D(-0.911353, 0.394781, -0.116544, -0.0730374, 0.123549, 0.989647, 0.405093, 0.91043, -0.0837626, 0.186933, 1.2498, -0.00397497)
joint_type = 2
joint_offset = Transform3D(0.999999, 0, 0, 0, 1, 0, 0, 0, 0.999999, -7.08674e-06, 7.83348e-06, 0.120897)
body_offset = Transform3D(1.07046, -3.09944e-06, -3.06964e-06, -3.72157e-06, 8.41916e-07, -1.07046, 3.51667e-06, 1.07046, 4.02331e-07, 7.95722e-06, 0.129416, -8.43406e-06)
mass = 5.0
bone_name = "upper_arm.R"
joint_constraints/swing_span = 60.0
joint_constraints/twist_span = 0.0
joint_constraints/bias = 0.3
joint_constraints/softness = 0.8
joint_constraints/relaxation = 1.0

[node name="CollisionShape3D" type="CollisionShape3D" parent="metarig/Skeleton3D/Physical Bone upper_arm_R" index="0"]
transform = Transform3D(1, 0, 0, 0, 0, 1, 0, -1, 0, 0, 0, 0)
shape = SubResource("CapsuleShape3D_ie438")

[node name="Physical Bone forearm_R" type="PhysicalBone3D" parent="metarig/Skeleton3D" index="12"]
transform = Transform3D(-0.970669, 0.234645, -0.0523709, -0.113102, -0.253454, 0.960713, 0.212152, 0.938458, 0.272559, 0.207301, 1.01521, -0.0264379)
joint_type = 3
joint_offset = Transform3D(-3.61999e-06, 0, 1, 0, 0.999999, 0, -0.999999, 0, -3.61999e-06, -7.32997e-07, 1.75747e-07, 0.119598)
joint_rotation = Vector3(0, 1.5708, 0)
body_offset = Transform3D(1.07046, -7.00355e-07, 4.56721e-06, 3.71784e-06, 2.14577e-06, -1.07046, 8.34465e-07, 1.07046, 2.41399e-06, 2.38419e-07, 0.128025, -4.76837e-07)
mass = 5.0
bone_name = "forearm.R"
joint_constraints/angular_limit_enabled = true
joint_constraints/angular_limit_upper = 90.0
joint_constraints/angular_limit_lower = -90.0
joint_constraints/angular_limit_bias = 0.3
joint_constraints/angular_limit_softness = 0.9
joint_constraints/angular_limit_relaxation = 1.0

[node name="CollisionShape3D" type="CollisionShape3D" parent="metarig/Skeleton3D/Physical Bone forearm_R" index="0"]
transform = Transform3D(1, 0, 0, 0, 0, 1, 0, -1, 0, 0, 0, 0)
shape = SubResource("CapsuleShape3D_a0l17")

[node name="Physical Bone thigh_L" type="PhysicalBone3D" parent="metarig/Skeleton3D" index="13"]
transform = Transform3D(0.999878, -0.000138442, -0.0156387, 0.0155824, 0.0940461, 0.995446, 0.00133295, -0.995568, 0.0940367, -0.0914985, 0.710582, -0.00140655)
joint_type = 2
joint_offset = Transform3D(1, 0, 0, 0, 1, 0, 0, 0, 1, -5.90513e-06, 2.9992e-07, 0.229895)
body_offset = Transform3D(1, -1.44122e-07, -4.9996e-07, -5.01808e-07, -1.10269e-06, -1, 1.44588e-07, 0.999997, -1.11014e-06, 6.02007e-06, 0.229895, -4.47035e-08)
mass = 30.0
bone_name = "thigh.L"
joint_constraints/swing_span = 75.0
joint_constraints/twist_span = 1.0
joint_constraints/bias = 0.3
joint_constraints/softness = 0.8
joint_constraints/relaxation = 1.0

[node name="CollisionShape3D" type="CollisionShape3D" parent="metarig/Skeleton3D/Physical Bone thigh_L" index="0"]
transform = Transform3D(1, 0, 0, 0, 0, 1, 0, -1, 0, 0, 0, 0)
shape = SubResource("CapsuleShape3D_y7xe2")

[node name="Physical Bone shin_L" type="PhysicalBone3D" parent="metarig/Skeleton3D" index="14"]
transform = Transform3D(1, -5.30529e-07, -1.25403e-06, 1.19557e-06, -0.0986459, 0.995123, -6.51646e-07, -0.995123, -0.0986459, -0.0879116, 0.279166, -0.00291529)
joint_type = 3
joint_offset = Transform3D(-3.61999e-06, 0, 1, 0, 1, 0, -1, 0, -3.61999e-06, -1.97662e-07, -3.1256e-06, 0.203728)
joint_rotation = Vector3(0, 1.5708, 0)
body_offset = Transform3D(1, -7.50265e-08, -1.22405e-06, -1.23307e-06, 1.54674e-05, -1, 7.45067e-08, 0.999997, 1.44094e-05, 4.47035e-07, 0.203728, 1.8999e-07)
mass = 5.0
bone_name = "shin.L"
joint_constraints/angular_limit_enabled = true
joint_constraints/angular_limit_upper = 39.99
joint_constraints/angular_limit_lower = -138.7
joint_constraints/angular_limit_bias = 0.3
joint_constraints/angular_limit_softness = 0.9
joint_constraints/angular_limit_relaxation = 1.0

[node name="CollisionShape3D" type="CollisionShape3D" parent="metarig/Skeleton3D/Physical Bone shin_L" index="0"]
transform = Transform3D(1, 0, 0, 0, 0, 1, 0, -1, 0, 0, 0, 0)
shape = SubResource("CapsuleShape3D_olxe2")

[node name="Physical Bone foot_L" type="PhysicalBone3D" parent="metarig/Skeleton3D" index="15"]
transform = Transform3D(1, 4.13685e-07, 1.26192e-07, -4.17685e-07, 0.847997, 0.530002, 1.12243e-07, -0.530002, 0.847997, -0.087912, 0.0456884, -0.0320067)
joint_type = 3
joint_offset = Transform3D(-3.61999e-06, 0, 1, 0, 1, 0, -1, 0, -3.61999e-06, 1.65643e-09, -3.52303e-07, 0.0580022)
joint_rotation = Vector3(0, 1.5708, 0)
body_offset = Transform3D(1, 7.85231e-09, -2.8558e-08, -3.30402e-08, 1.2517e-06, -0.999998, -4.40181e-12, 0.999999, 4.08292e-06, 0, 0.0580021, 1.15484e-07)
bone_name = "foot.L"
joint_constraints/angular_limit_enabled = true
joint_constraints/angular_limit_upper = 50.0
joint_constraints/angular_limit_lower = -55.22
joint_constraints/angular_limit_bias = 0.3
joint_constraints/angular_limit_softness = 0.9
joint_constraints/angular_limit_relaxation = 1.0

[node name="CollisionShape3D" type="CollisionShape3D" parent="metarig/Skeleton3D/Physical Bone foot_L" index="0"]
transform = Transform3D(1, 0, 0, 0, 0, 1, 0, -1, 0, 0, 0, 0)
shape = SubResource("CapsuleShape3D_lctsx")

[node name="Physical Bone thigh_R" type="PhysicalBone3D" parent="metarig/Skeleton3D" index="16"]
transform = Transform3D(0.999878, 0.000138324, 0.0156376, -0.0155813, 0.0940513, 0.995445, -0.00133304, -0.995567, 0.0940419, 0.0914998, 0.710654, -0.00141034)
joint_type = 2
joint_offset = Transform3D(1, 0, 0, 0, 1, 0, 0, 0, 1, 6.04462e-06, -9.10776e-06, 0.229823)
body_offset = Transform3D(1, 3.49246e-10, -7.22779e-07, -7.2355e-07, -6.34044e-06, -1, -5.82077e-10, 0.999999, -6.34044e-06, -5.87851e-06, 0.229823, 1.05649e-05)
mass = 30.0
bone_name = "thigh.R"
joint_constraints/swing_span = 75.0
joint_constraints/twist_span = 1.0
joint_constraints/bias = 0.3
joint_constraints/softness = 0.8
joint_constraints/relaxation = 1.0

[node name="CollisionShape3D" type="CollisionShape3D" parent="metarig/Skeleton3D/Physical Bone thigh_R" index="0"]
transform = Transform3D(1, 0, 0, 0, 0, 1, 0, -1, 0, 0, 0, 0)
shape = SubResource("CapsuleShape3D_jtgl3")

[node name="Physical Bone shin_R" type="PhysicalBone3D" parent="metarig/Skeleton3D" index="17"]
transform = Transform3D(1, -5.39202e-07, -1.26214e-06, 1.2028e-06, -0.0986317, 0.995124, -6.6106e-07, -0.995124, -0.0986317, 0.0879122, 0.279165, -0.00291523)
joint_type = 3
joint_offset = Transform3D(-3.61999e-06, 0, 1, 0, 1, 0, -1, 0, -3.61999e-06, 3.32061e-08, -2.6995e-07, 0.203729)
joint_rotation = Vector3(0, 1.5708, 0)
body_offset = Transform3D(1, -7.40071e-08, -1.22355e-06, -1.21817e-06, 6.25849e-07, -1, 7.45055e-08, 0.999999, 1.63913e-07, 2.16067e-07, 0.203729, 2.36556e-07)
mass = 5.0
bone_name = "shin.R"
joint_constraints/angular_limit_enabled = true
joint_constraints/angular_limit_upper = 39.99
joint_constraints/angular_limit_lower = -138.7
joint_constraints/angular_limit_bias = 0.3
joint_constraints/angular_limit_softness = 0.9
joint_constraints/angular_limit_relaxation = 1.0

[node name="CollisionShape3D" type="CollisionShape3D" parent="metarig/Skeleton3D/Physical Bone shin_R" index="0"]
transform = Transform3D(1, 0, 0, 0, 0, 1, 0, -1, 0, 0, 0, 0)
shape = SubResource("CapsuleShape3D_nyirh")

[node name="Physical Bone foot_R" type="PhysicalBone3D" parent="metarig/Skeleton3D" index="18"]
transform = Transform3D(1, 4.21394e-07, 3.45259e-07, -5.40328e-07, 0.847998, 0.53, -6.94406e-08, -0.53, 0.847998, 0.087912, 0.045705, -0.0319796)
joint_type = 3
joint_offset = Transform3D(-3.61999e-06, -2.98023e-08, 1, -3.55271e-15, 1, 2.98023e-08, -1, 1.04331e-13, -3.61999e-06, -5.57971e-09, 5.77704e-08, 0.0579705)
joint_rotation = Vector3(-2.98023e-08, 1.5708, -3.55271e-15)
body_offset = Transform3D(1, 2.64024e-08, 9.62509e-08, 9.90866e-08, 1.13249e-06, -0.999999, -3.10023e-08, 0.999999, 2.47359e-06, 0, 0.0579704, -2.01166e-07)
bone_name = "foot.R"
joint_constraints/angular_limit_enabled = true
joint_constraints/angular_limit_upper = 50.0
joint_constraints/angular_limit_lower = -55.22
joint_constraints/angular_limit_bias = 0.3
joint_constraints/angular_limit_softness = 0.9
joint_constraints/angular_limit_relaxation = 1.0

[node name="CollisionShape3D" type="CollisionShape3D" parent="metarig/Skeleton3D/Physical Bone foot_R" index="0"]
transform = Transform3D(1, 0, 0, 0, 0, 1, 0, -1, 0, 0, 0, 0)
shape = SubResource("CapsuleShape3D_d5wye")

[node name="wpn" type="PhysicalBone3D" parent="metarig/Skeleton3D" index="19"]
transform = Transform3D(1, -1.06015e-07, 3.30756e-07, 1.3073e-07, -0.767368, -0.641206, 3.21789e-07, 0.641206, -0.767368, -0.166024, 0.976348, -0.133362)
collision_layer = 16
collision_mask = 16
joint_offset = Transform3D(1, 0, 0, 0, 1, 0, 0, 0, 1, 1.49012e-08, 3.57628e-07, 1.19209e-07)
body_offset = Transform3D(1, -6.63259e-09, -6.30942e-09, -9.52127e-13, 0.999999, 2.89083e-06, -3.83693e-12, 0, 0.999999, -1.49012e-08, -3.57628e-07, -1.19209e-07)
bone_name = "weapon_small"

[node name="CollisionShape3D" type="CollisionShape3D" parent="metarig/Skeleton3D/wpn" index="0"]
shape = SubResource("CapsuleShape3D_h2y6v")

[node name="CollisionShape3D" type="CollisionShape3D" parent="." index="2"]
transform = Transform3D(1, 0, 0, 0, 1, 0, 0, 0, 1, 0, 0.912438, 0)
shape = SubResource("CapsuleShape3D_yt1gq")
