[gd_scene load_steps=23 format=3 uid="uid://dxkciqlfb31td"]

[ext_resource type="PackedScene" uid="uid://ccqv6vbrh71jr" path="res://models/human_female.glb" id="1_5etnq"]
[ext_resource type="Script" uid="uid://lvhaelpdejpj" path="res://lib/character_scene.gd" id="2_onmyu"]

[sub_resource type="CapsuleShape3D" id="CapsuleShape3D_a0fj6"]
radius = 0.075368
height = 0.150736

[sub_resource type="CapsuleShape3D" id="CapsuleShape3D_ofxma"]
radius = 0.0637363
height = 0.127473

[sub_resource type="CapsuleShape3D" id="CapsuleShape3D_2ajha"]
radius = 0.0675105
height = 0.135021

[sub_resource type="CapsuleShape3D" id="CapsuleShape3D_7mkr5"]
radius = 0.0604066
height = 0.155693

[sub_resource type="CapsuleShape3D" id="CapsuleShape3D_wrpup"]
radius = 0.0309963
height = 0.0619926

[sub_resource type="CapsuleShape3D" id="CapsuleShape3D_3ncyp"]
radius = 0.074552
height = 0.149104

[sub_resource type="CapsuleShape3D" id="CapsuleShape3D_vkqsd"]
radius = 0.0532711
height = 0.199028

[sub_resource type="CapsuleShape3D" id="CapsuleShape3D_j113q"]
radius = 0.0258881
height = 0.258881

[sub_resource type="CapsuleShape3D" id="CapsuleShape3D_ka3jt"]
radius = 0.0256056
height = 0.256056

[sub_resource type="CapsuleShape3D" id="CapsuleShape3D_47rdv"]
radius = 0.0586426
height = 0.199028

[sub_resource type="CapsuleShape3D" id="CapsuleShape3D_ie438"]
radius = 0.0258881
height = 0.258881

[sub_resource type="CapsuleShape3D" id="CapsuleShape3D_a0l17"]
radius = 0.0256056
height = 0.256056

[sub_resource type="CapsuleShape3D" id="CapsuleShape3D_y7xe2"]
radius = 0.0459622
height = 0.459622

[sub_resource type="CapsuleShape3D" id="CapsuleShape3D_olxe2"]
radius = 0.0407458
height = 0.407458

[sub_resource type="CapsuleShape3D" id="CapsuleShape3D_lctsx"]
radius = 0.0115941
height = 0.115941

[sub_resource type="CapsuleShape3D" id="CapsuleShape3D_jtgl3"]
radius = 0.0459622
height = 0.459622

[sub_resource type="CapsuleShape3D" id="CapsuleShape3D_nyirh"]
radius = 0.0407458
height = 0.407458

[sub_resource type="CapsuleShape3D" id="CapsuleShape3D_d5wye"]
radius = 0.0115941
height = 0.115941

[sub_resource type="CapsuleShape3D" id="CapsuleShape3D_h2y6v"]
radius = 0.0162622
height = 0.112939

[sub_resource type="CapsuleShape3D" id="CapsuleShape3D_yt1gq"]
radius = 0.21205
height = 1.76024

[node name="HumanFemale" node_paths=PackedStringArray("body", "eyes") instance=ExtResource("1_5etnq")]
script = ExtResource("2_onmyu")
body = NodePath("metarig/Skeleton3D/human_female")
eyes = NodePath("metarig/Skeleton3D/eyes")

[node name="Skeleton3D" parent="metarig" index="0"]
bones/0/position = Vector3(-1.90681e-10, 0.905942, 0.0521648)
bones/1/rotation = Quaternion(0.0644764, -1.27163e-07, -1.57602e-08, 0.997919)
bones/2/rotation = Quaternion(0.0774642, 1.07667e-07, -2.04404e-08, 0.996995)
bones/3/rotation = Quaternion(-0.00162718, 2.5335e-10, 2.53226e-10, 0.999999)
bones/4/rotation = Quaternion(-0.201738, 2.58735e-08, 2.60151e-08, 0.979439)
bones/5/rotation = Quaternion(0.094858, -1.2986e-07, -2.21006e-08, 0.995491)
bones/6/rotation = Quaternion(0.0937119, 1.05752e-07, -2.41041e-08, 0.995599)
bones/7/position = Vector3(-0.0164163, 0.123096, -0.0701959)
bones/7/rotation = Quaternion(0.654063, -0.236832, 0.497506, 0.518266)
bones/7/scale = Vector3(0.934176, 0.934177, 0.934177)
bones/8/position = Vector3(-0.0362537, 0.186256, 0.00135039)
bones/8/rotation = Quaternion(0.128056, 0.785654, 0.487586, 0.358621)
bones/9/rotation = Quaternion(-0.179627, -0.0993653, -0.0267119, 0.978339)
bones/10/rotation = Quaternion(0.0544236, 0.0317856, 0.0401364, 0.997204)
bones/11/position = Vector3(0.0164163, 0.123096, -0.0701959)
bones/11/rotation = Quaternion(0.654163, 0.237073, -0.497363, 0.518167)
bones/11/scale = Vector3(0.934176, 0.934176, 0.934177)
bones/12/position = Vector3(0.0362528, 0.186256, 0.00137289)
bones/12/rotation = Quaternion(0.128209, -0.785767, -0.487546, 0.358374)
bones/13/rotation = Quaternion(-0.179628, 0.0993653, 0.0267119, 0.978339)
bones/14/rotation = Quaternion(0.0544236, -0.0317856, -0.0401365, 0.997205)
bones/15/position = Vector3(-0.106212, -0.00437838, 0.0383555)
bones/15/scale = Vector3(1.0131, 1.0131, 1.0131)
bones/16/position = Vector3(0.106212, -0.00437838, 0.0383555)
bones/16/scale = Vector3(1.08372, 1.08372, 1.08372)
bones/17/rotation = Quaternion(0.186522, -0.77512, 0.325527, 0.50836)
bones/18/rotation = Quaternion(0.186522, 0.77512, -0.325528, 0.50836)
bones/19/rotation = Quaternion(0.985, 0.0077142, 0.00127982, -0.172376)
bones/20/rotation = Quaternion(-0.0963358, -0.000684714, 0.00778965, 0.995318)
bones/21/rotation = Quaternion(0.527363, 3.33011e-07, 6.5374e-08, 0.84964)
bones/22/rotation = Quaternion(0.194937, 0.679705, 0.194937, 0.679706)
bones/24/position = Vector3(-0.0705454, -0.023417, 0.156374)
bones/24/rotation = Quaternion(-0.384913, -0.00294588, 0.00724345, 0.92292)
bones/25/rotation = Quaternion(0.985, -0.00771427, -0.00127982, -0.172376)
bones/26/rotation = Quaternion(-0.0963359, 0.000684286, -0.00778968, 0.995318)
bones/27/rotation = Quaternion(0.527364, 3.09941e-07, 1.03665e-07, 0.84964)
bones/28/rotation = Quaternion(0.194937, 0.679705, 0.194937, 0.679706)

[node name="Physical Bone spine" type="PhysicalBone3D" parent="metarig/Skeleton3D" index="1"]
transform = Transform3D(1, 2.92114e-08, 3.76948e-08, 2.9209e-08, 0.24964, -0.968339, -3.76967e-08, 0.968339, 0.24964, 2.0946e-07, 0.972066, 0.0351183)
joint_type = 3
joint_offset = Transform3D(1, 0, 0, 0, 1, 0, 0, 0, 1, -2.12225e-07, -3.72891e-07, 0.0682856)
body_offset = Transform3D(1, 2.18492e-12, 3.14415e-13, 3.16192e-13, 2.23517e-07, -1, -2.18847e-12, 1, 2.23517e-07, 2.12225e-07, 0.0682856, 3.57628e-07)
mass = 15.0
bone_name = "spine"
joint_constraints/angular_limit_enabled = true
joint_constraints/angular_limit_upper = 10.0
joint_constraints/angular_limit_lower = -10.0
joint_constraints/angular_limit_bias = 0.3
joint_constraints/angular_limit_softness = 0.9
joint_constraints/angular_limit_relaxation = 1.0

[node name="CollisionShape3D" type="CollisionShape3D" parent="metarig/Skeleton3D/Physical Bone spine" index="0"]
transform = Transform3D(1, 0, -1.81188e-13, 0, 0, 1, 0, -1, 0, -2.33769e-10, -0.00200364, 0.00777203)
shape = SubResource("CapsuleShape3D_a0fj6")

[node name="Physical Bone spine_001" type="PhysicalBone3D" parent="metarig/Skeleton3D" index="2"]
transform = Transform3D(1, -5.70163e-07, -5.25302e-08, 1.79725e-08, 0.122955, -0.992412, 5.72296e-07, 0.992412, 0.122955, -5.93555e-06, 1.099, 0.0105356)
joint_type = 3
joint_offset = Transform3D(-3.61999e-06, 0, 1, 0, 1, 0, -1, 0, -3.61999e-06, 5.93343e-06, 4.54252e-06, 0.0612931)
joint_rotation = Vector3(0, 1.5708, 0)
body_offset = Transform3D(1, -3.48152e-07, -7.10955e-08, -7.10952e-08, 7.45058e-07, -1, 3.48152e-07, 1, 7.6741e-07, -5.92907e-06, 0.0612931, -4.58956e-06)
mass = 15.0
bone_name = "spine.001"
joint_constraints/angular_limit_enabled = true
joint_constraints/angular_limit_upper = 1.0
joint_constraints/angular_limit_lower = -1.0
joint_constraints/angular_limit_bias = 0.3
joint_constraints/angular_limit_softness = 0.9
joint_constraints/angular_limit_relaxation = 1.0

[node name="CollisionShape3D" type="CollisionShape3D" parent="metarig/Skeleton3D/Physical Bone spine_001" index="0"]
transform = Transform3D(1, 0, 0, 0, 0, 1, 0, -1, 0, 0, 0, 0)
shape = SubResource("CapsuleShape3D_ofxma")

[node name="Physical Bone spine_002" type="PhysicalBone3D" parent="metarig/Skeleton3D" index="3"]
transform = Transform3D(1, 6.96778e-07, 1.07212e-07, 1.29324e-07, -0.0318119, -0.999494, -6.93015e-07, 0.999494, -0.0318119, -2.88398e-06, 1.23749, 0.00562601)
joint_type = 3
joint_offset = Transform3D(-3.61999e-06, 0, 0.999999, 0, 1, 0, -0.999999, 0, -3.61999e-06, 2.86814e-06, -0.000147834, 0.0777227)
joint_rotation = Vector3(0, 1.5708, 0)
body_offset = Transform3D(1, 7.01737e-07, 1.12016e-07, 1.12015e-07, 6.85453e-07, -1, -7.01737e-07, 1, 7.15256e-07, -2.87674e-06, 0.0777227, 0.000147779)
mass = 15.0
bone_name = "spine.002"
joint_constraints/angular_limit_enabled = true
joint_constraints/angular_limit_upper = 1.0
joint_constraints/angular_limit_lower = -1.0
joint_constraints/angular_limit_bias = 0.3
joint_constraints/angular_limit_softness = 0.9
joint_constraints/angular_limit_relaxation = 1.0

[node name="CollisionShape3D" type="CollisionShape3D" parent="metarig/Skeleton3D/Physical Bone spine_002" index="0"]
transform = Transform3D(1, 0, 0, 0, 0, 1, 0, -1, 0, 0, 0, 0)
shape = SubResource("CapsuleShape3D_2ajha")

[node name="Physical Bone spine_003" type="PhysicalBone3D" parent="metarig/Skeleton3D" index="4"]
transform = Transform3D(1, 3.49734e-06, -9.89649e-07, -8.89365e-07, -0.028559, -0.999592, -3.52418e-06, 0.999592, -0.028559, -5.17327e-07, 1.40111, 0.0104149)
joint_type = 3
joint_offset = Transform3D(-3.61999e-06, 0, 1, 0, 1, 0, -1, 0, -3.61999e-06, 5.95921e-07, -1.00968e-05, 0.0863206)
joint_rotation = Vector3(0, 1.5708, 0)
body_offset = Transform3D(1, 3.50178e-06, -9.85336e-07, -9.85339e-07, 7.59959e-07, -1, -3.50178e-06, 1, 7.91624e-07, -5.1083e-07, 0.0863206, 1.00285e-05)
mass = 5.0
bone_name = "spine.003"
joint_constraints/angular_limit_enabled = true
joint_constraints/angular_limit_upper = 1.0
joint_constraints/angular_limit_lower = -1.0
joint_constraints/angular_limit_bias = 0.3
joint_constraints/angular_limit_softness = 0.9
joint_constraints/angular_limit_relaxation = 1.0

[node name="CollisionShape3D" type="CollisionShape3D" parent="metarig/Skeleton3D/Physical Bone spine_003" index="0"]
transform = Transform3D(1, 0, 0, 0, 0, 1, 0, -1, 0, 0, 0, 0)
shape = SubResource("CapsuleShape3D_7mkr5")

[node name="Physical Bone spine_004" type="PhysicalBone3D" parent="metarig/Skeleton3D" index="5"]
transform = Transform3D(1, 4.53625e-06, -1.03928e-05, -1.13331e-05, 0.368798, -0.92951, -3.83666e-07, 0.92951, 0.368798, 1.20792e-07, 1.5151, 0.00192577)
joint_type = 3
joint_offset = Transform3D(-3.61999e-06, 0, 1, 0, 1, 0, -1, 0, -3.61999e-06, 1.81587e-07, 1.02957e-07, 0.0296844)
joint_rotation = Vector3(0, 1.5708, 0)
body_offset = Transform3D(1, 4.49844e-06, -1.04484e-05, -1.04485e-05, 1.46329e-05, -1, -4.49829e-06, 1, 1.46031e-05, 1.28569e-07, 0.0296844, -5.36442e-07)
mass = 2.0
bone_name = "spine.004"
joint_constraints/angular_limit_enabled = true
joint_constraints/angular_limit_upper = 2.0
joint_constraints/angular_limit_lower = -2.0
joint_constraints/angular_limit_bias = 0.3
joint_constraints/angular_limit_softness = 0.9
joint_constraints/angular_limit_relaxation = 1.0

[node name="CollisionShape3D" type="CollisionShape3D" parent="metarig/Skeleton3D/Physical Bone spine_004" index="0"]
transform = Transform3D(1, 0, 0, 0, 0, 1, 0, -1, 0, 0, 0, 0)
shape = SubResource("CapsuleShape3D_wrpup")

[node name="Physical Bone spine_005" type="PhysicalBone3D" parent="metarig/Skeleton3D" index="6"]
transform = Transform3D(1, 7.12586e-07, -1.01729e-05, -1.01272e-05, 0.186613, -0.982434, 1.19833e-06, 0.982433, 0.186613, 2.82985e-06, 1.57031, -0.0142645)
joint_type = 3
joint_offset = Transform3D(1, 0, 0, 0, 1, 0, 0, 0, 1, -2.55316e-06, 1.06049e-06, 0.0281256)
body_offset = Transform3D(1, 9.27677e-07, -1.02011e-05, -1.02011e-05, 1.41859e-05, -1, -9.27533e-07, 1, 1.42157e-05, 2.84007e-06, 0.0281256, -1.46031e-06)
bone_name = "spine.005"
joint_constraints/angular_limit_enabled = true
joint_constraints/angular_limit_upper = 1.0
joint_constraints/angular_limit_lower = -1.0
joint_constraints/angular_limit_bias = 0.3
joint_constraints/angular_limit_softness = 0.9
joint_constraints/angular_limit_relaxation = 1.0

[node name="CollisionShape3D" type="CollisionShape3D" parent="metarig/Skeleton3D/Physical Bone spine_005" index="0"]
transform = Transform3D(1, 0, 7.10543e-13, 0, 0, 1, -1.42109e-14, -1, 0, 3.02678e-09, 0.00832546, -0.043833)
shape = SubResource("CapsuleShape3D_3ncyp")

[node name="Physical Bone shoulder_L" type="PhysicalBone3D" parent="metarig/Skeleton3D" index="7"]
transform = Transform3D(-0.939498, -0.0101676, 0.342404, 0.338591, 0.124065, 0.932719, -0.0519638, 0.992222, -0.113116, -0.0441946, 1.36419, -0.0494913)
joint_type = 3
joint_offset = Transform3D(1, 0, 0, 0, 1, 0, 0, 0, 1, 6.33672e-06, -4.21316e-05, 0.0811433)
body_offset = Transform3D(-0.379886, 0.977489, 0.214689, 0.674544, 0.419723, -0.717433, -0.7393, -0.119318, -0.764909, -0.017377, 0.0582283, 0.0620669)
bone_name = "shoulder.L"
joint_constraints/angular_limit_enabled = true
joint_constraints/angular_limit_upper = 90.0
joint_constraints/angular_limit_lower = -90.0
joint_constraints/angular_limit_bias = 0.3
joint_constraints/angular_limit_softness = 0.9
joint_constraints/angular_limit_relaxation = 1.0

[node name="CollisionShape3D" type="CollisionShape3D" parent="metarig/Skeleton3D/Physical Bone shoulder_L" index="0"]
transform = Transform3D(1, 0, 0, 0, 0, 1, 0, -1, 0, 0, 0, 0)
shape = SubResource("CapsuleShape3D_vkqsd")

[node name="Physical Bone upper_arm_L" type="PhysicalBone3D" parent="metarig/Skeleton3D" index="8"]
transform = Transform3D(0.953897, -0.061601, -0.293743, -0.286884, -0.474721, -0.832068, -0.0881901, 0.877978, -0.470508, -0.0700065, 1.54511, 0.0396109)
joint_type = 2
joint_offset = Transform3D(0.999999, -2.98023e-08, 0, 2.98023e-08, 0.999999, 4.88498e-15, -1.45584e-22, -4.88499e-15, 0.999998, -0.0429605, 0.0426087, 0.201632)
joint_rotation = Vector3(-4.88499e-15, 0, 2.98023e-08)
body_offset = Transform3D(-0.914884, -0.357515, 0.425509, 0.177066, 0.589361, 0.875893, -0.526804, 0.818978, -0.444569, -0.109867, -0.194113, 0.0321117)
mass = 5.0
bone_name = "upper_arm.L"
joint_constraints/swing_span = 60.0
joint_constraints/twist_span = 0.0
joint_constraints/bias = 0.3
joint_constraints/softness = 0.8
joint_constraints/relaxation = 1.0

[node name="CollisionShape3D" type="CollisionShape3D" parent="metarig/Skeleton3D/Physical Bone upper_arm_L" index="0"]
transform = Transform3D(1, 0, 0, 0, 0, 1, 0, -1, 0, 0, 0, 0)
shape = SubResource("CapsuleShape3D_j113q")

[node name="Physical Bone forearm_L" type="PhysicalBone3D" parent="metarig/Skeleton3D" index="9"]
transform = Transform3D(0.996619, 0.0702852, -0.0425488, -0.0256534, -0.225781, -0.97384, -0.0780532, 0.971639, -0.223214, -0.1737, 1.69427, 0.213825)
joint_type = 3
joint_offset = Transform3D(-3.61999e-06, 0, 1, 0, 0.999999, 0, -0.999999, 0, -3.61999e-06, 0.00346149, -0.076269, 0.596918)
joint_rotation = Vector3(0, 1.5708, 0)
body_offset = Transform3D(-1.02101, -0.32079, -0.0229959, -0.0067354, -0.0551961, 1.06902, -0.321542, 1.01977, 0.0506275, -0.00720546, -0.642302, 0.0486696)
mass = 5.0
bone_name = "forearm.L"
joint_constraints/angular_limit_enabled = true
joint_constraints/angular_limit_upper = 90.0
joint_constraints/angular_limit_lower = -90.0
joint_constraints/angular_limit_bias = 0.3
joint_constraints/angular_limit_softness = 0.9
joint_constraints/angular_limit_relaxation = 1.0

[node name="CollisionShape3D" type="CollisionShape3D" parent="metarig/Skeleton3D/Physical Bone forearm_L" index="0"]
transform = Transform3D(1, 0, 0, 0, 0, 1, 0, -1, 0, 0, 0, 0)
shape = SubResource("CapsuleShape3D_ka3jt")

[node name="Physical Bone shoulder_R" type="PhysicalBone3D" parent="metarig/Skeleton3D" index="10"]
transform = Transform3D(-0.939427, 0.0107451, -0.342581, -0.338718, 0.123737, 0.932716, 0.0524121, 0.992257, -0.112602, 0.0418395, 1.36199, -0.0494125)
joint_type = 3
joint_offset = Transform3D(1, 0, 0, 0, 1, 0, 0, 0, 1, -0.00298472, 0.000136362, 0.0824001)
body_offset = Transform3D(-0.38055, -0.977237, -0.214656, -0.674363, 0.420174, -0.71734, 0.739125, -0.119787, -0.765006, 0.0166851, 0.0570388, 0.065259)
bone_name = "shoulder.R"
joint_constraints/angular_limit_enabled = true
joint_constraints/angular_limit_upper = 90.0
joint_constraints/angular_limit_lower = -90.0
joint_constraints/angular_limit_bias = 0.3
joint_constraints/angular_limit_softness = 0.9
joint_constraints/angular_limit_relaxation = 1.0

[node name="CollisionShape3D" type="CollisionShape3D" parent="metarig/Skeleton3D/Physical Bone shoulder_R" index="0"]
transform = Transform3D(1, 0, 0, 0, 0, 1, 0, -1, 0, 0, 0, 0)
shape = SubResource("CapsuleShape3D_47rdv")

[node name="Physical Bone upper_arm_R" type="PhysicalBone3D" parent="metarig/Skeleton3D" index="11"]
transform = Transform3D(0.953906, 0.0616131, 0.293713, 0.286836, -0.474987, -0.831933, 0.0882516, 0.877833, -0.470765, 0.070002, 1.54509, 0.0396426)
joint_type = 2
joint_offset = Transform3D(0.999999, 0, 0, 0, 1, 0, 0, 0, 0.999999, 0.0429863, 0.0425906, 0.201631)
body_offset = Transform3D(-0.914761, 0.357688, -0.425629, -0.176945, 0.589588, 0.875766, 0.527058, 0.81874, -0.444706, 0.109908, -0.194086, 0.0321397)
mass = 5.0
bone_name = "upper_arm.R"
joint_constraints/swing_span = 60.0
joint_constraints/twist_span = 0.0
joint_constraints/bias = 0.3
joint_constraints/softness = 0.8
joint_constraints/relaxation = 1.0

[node name="CollisionShape3D" type="CollisionShape3D" parent="metarig/Skeleton3D/Physical Bone upper_arm_R" index="0"]
transform = Transform3D(1, 0, 0, 0, 0, 1, 0, -1, 0, 0, 0, 0)
shape = SubResource("CapsuleShape3D_ie438")

[node name="Physical Bone forearm_R" type="PhysicalBone3D" parent="metarig/Skeleton3D" index="12"]
transform = Transform3D(0.996618, -0.0703215, 0.0425072, 0.0255907, -0.225953, -0.973802, 0.0780839, 0.971597, -0.22339, 0.17372, 1.69409, 0.213684)
joint_type = 3
joint_offset = Transform3D(-3.61999e-06, 0, 1, 0, 0.999999, 0, -0.999999, 0, -3.61999e-06, -0.00341101, -0.0761172, 0.59673)
joint_rotation = Vector3(0, 1.5708, 0)
body_offset = Transform3D(-1.02092, 0.321074, 0.0229976, 0.00677042, -0.055044, 1.06902, 0.321825, 1.01969, 0.0504659, 0.00723353, -0.642086, 0.0485992)
mass = 5.0
bone_name = "forearm.R"
joint_constraints/angular_limit_enabled = true
joint_constraints/angular_limit_upper = 90.0
joint_constraints/angular_limit_lower = -90.0
joint_constraints/angular_limit_bias = 0.3
joint_constraints/angular_limit_softness = 0.9
joint_constraints/angular_limit_relaxation = 1.0

[node name="CollisionShape3D" type="CollisionShape3D" parent="metarig/Skeleton3D/Physical Bone forearm_R" index="0"]
transform = Transform3D(1, 0, 0, 0, 0, 1, 0, -1, 0, 0, 0, 0)
shape = SubResource("CapsuleShape3D_a0l17")

[node name="Physical Bone thigh_L" type="PhysicalBone3D" parent="metarig/Skeleton3D" index="13"]
transform = Transform3D(0.999878, -0.000137723, -0.0156382, 0.0155819, 0.0940241, 0.995448, 0.00133327, -0.99557, 0.0940147, -0.0914935, 0.71049, -0.0013953)
joint_type = 2
joint_offset = Transform3D(1, 0, 0, 0, 1, 0, 0, 0, 1, -9.62845e-06, 1.51261e-05, 0.229986)
body_offset = Transform3D(1, 2.27941e-07, 9.99717e-09, 4.48199e-09, 2.00868e-05, -1, -2.27243e-07, 0.999997, 2.00793e-05, 9.62615e-06, 0.229986, -1.9744e-05)
mass = 30.0
bone_name = "thigh.L"
joint_constraints/swing_span = 75.0
joint_constraints/twist_span = 1.0
joint_constraints/bias = 0.3
joint_constraints/softness = 0.8
joint_constraints/relaxation = 1.0

[node name="CollisionShape3D" type="CollisionShape3D" parent="metarig/Skeleton3D/Physical Bone thigh_L" index="0"]
transform = Transform3D(1, 0, 0, 0, 0, 1, 0, -1, 0, 0, 0, 0)
shape = SubResource("CapsuleShape3D_y7xe2")

[node name="Physical Bone shin_L" type="PhysicalBone3D" parent="metarig/Skeleton3D" index="14"]
transform = Transform3D(1, -1.08048e-06, -1.46932e-06, 1.35557e-06, -0.0986463, 0.995123, -1.22015e-06, -0.995123, -0.0986463, -0.0877742, 0.279093, -0.00294519)
joint_type = 3
joint_offset = Transform3D(-3.61999e-06, 0, 1, 0, 1, 0, -1, 0, -3.61999e-06, -0.000137518, -4.06194e-05, 0.203798)
joint_rotation = Vector3(0, 1.5708, 0)
body_offset = Transform3D(1, -6.37494e-07, -1.45167e-06, -1.4588e-06, 1.50725e-05, -1, 6.37463e-07, 0.999997, 1.40145e-05, 0.000137813, 0.203798, 3.77633e-05)
mass = 5.0
bone_name = "shin.L"
joint_constraints/angular_limit_enabled = true
joint_constraints/angular_limit_upper = 39.99
joint_constraints/angular_limit_lower = -138.7
joint_constraints/angular_limit_bias = 0.3
joint_constraints/angular_limit_softness = 0.9
joint_constraints/angular_limit_relaxation = 1.0

[node name="CollisionShape3D" type="CollisionShape3D" parent="metarig/Skeleton3D/Physical Bone shin_L" index="0"]
transform = Transform3D(1, 0, 0, 0, 0, 1, 0, -1, 0, 0, 0, 0)
shape = SubResource("CapsuleShape3D_olxe2")

[node name="Physical Bone foot_L" type="PhysicalBone3D" parent="metarig/Skeleton3D" index="15"]
transform = Transform3D(1, 8.34681e-08, 5.5136e-07, -3.63003e-07, 0.847995, 0.530004, -4.23313e-07, -0.530004, 0.847995, -0.0874885, 0.045685, -0.0320074)
joint_type = 3
joint_offset = Transform3D(-3.61999e-06, 0, 1, 0, 1, 0, -1, 0, -3.61999e-06, -0.000423514, 1.92976e-06, 0.0580054)
joint_rotation = Vector3(0, 1.5708, 0)
body_offset = Transform3D(1, -3.38958e-07, 4.02357e-07, 3.99146e-07, 2.98023e-06, -0.999999, 3.45338e-07, 0.999999, 5.78165e-06, 0.000423491, 0.0580053, -2.26498e-06)
bone_name = "foot.L"
joint_constraints/angular_limit_enabled = true
joint_constraints/angular_limit_upper = 50.0
joint_constraints/angular_limit_lower = -55.22
joint_constraints/angular_limit_bias = 0.3
joint_constraints/angular_limit_softness = 0.9
joint_constraints/angular_limit_relaxation = 1.0

[node name="CollisionShape3D" type="CollisionShape3D" parent="metarig/Skeleton3D/Physical Bone foot_L" index="0"]
transform = Transform3D(1, 0, 0, 0, 0, 1, 0, -1, 0, 0, 0, 0)
shape = SubResource("CapsuleShape3D_lctsx")

[node name="Physical Bone thigh_R" type="PhysicalBone3D" parent="metarig/Skeleton3D" index="16"]
transform = Transform3D(0.999878, 0.000138946, 0.0156372, -0.0155809, 0.0940629, 0.995444, -0.00133256, -0.995566, 0.0940536, 0.0914597, 0.710371, -0.00146783)
joint_type = 2
joint_offset = Transform3D(1, 0, 0, 0, 1, 0, 0, 0, 1, 4.16878e-05, -3.69465e-05, 0.230111)
body_offset = Transform3D(1, 4.32949e-07, -1.14083e-06, -1.14081e-06, -1.86116e-05, -1, -4.33647e-07, 0.999999, -1.85892e-05, -4.14252e-05, 0.230111, 4.12241e-05)
mass = 30.0
bone_name = "thigh.R"
joint_constraints/swing_span = 75.0
joint_constraints/twist_span = 1.0
joint_constraints/bias = 0.3
joint_constraints/softness = 0.8
joint_constraints/relaxation = 1.0

[node name="CollisionShape3D" type="CollisionShape3D" parent="metarig/Skeleton3D/Physical Bone thigh_R" index="0"]
transform = Transform3D(1, 0, 0, 0, 0, 1, 0, -1, 0, 0, 0, 0)
shape = SubResource("CapsuleShape3D_jtgl3")

[node name="Physical Bone shin_R" type="PhysicalBone3D" parent="metarig/Skeleton3D" index="17"]
transform = Transform3D(1, -5.55108e-07, -1.18313e-06, 1.12261e-06, -0.0986321, 0.995124, -6.69096e-07, -0.995124, -0.0986321, 0.0879127, 0.279176, -0.00291399)
joint_type = 3
joint_offset = Transform3D(-3.61999e-06, 0, 1, 0, 1, 0, -1, 0, -3.61999e-06, -4.75852e-07, 1.66962e-06, 0.203719)
joint_rotation = Vector3(0, 1.5708, 0)
body_offset = Transform3D(1, -8.92439e-08, -1.1386e-06, -1.13258e-06, 5.06639e-07, -1, 8.94117e-08, 0.999999, 1.49012e-08, 7.07805e-07, 0.203719, -1.67266e-06)
mass = 5.0
bone_name = "shin.R"
joint_constraints/angular_limit_enabled = true
joint_constraints/angular_limit_upper = 39.99
joint_constraints/angular_limit_lower = -138.7
joint_constraints/angular_limit_bias = 0.3
joint_constraints/angular_limit_softness = 0.9
joint_constraints/angular_limit_relaxation = 1.0

[node name="CollisionShape3D" type="CollisionShape3D" parent="metarig/Skeleton3D/Physical Bone shin_R" index="0"]
transform = Transform3D(1, 0, 0, 0, 0, 1, 0, -1, 0, 0, 0, 0)
shape = SubResource("CapsuleShape3D_nyirh")

[node name="Physical Bone foot_R" type="PhysicalBone3D" parent="metarig/Skeleton3D" index="18"]
transform = Transform3D(1, 4.14272e-07, 4.23396e-07, -5.75705e-07, 0.847987, 0.530017, -1.39463e-07, -0.530017, 0.847987, 0.0879003, 0.0459408, -0.031806)
joint_type = 3
joint_offset = Transform3D(-3.61999e-06, -2.98023e-08, 1, -3.55271e-15, 1, 2.98023e-08, -1, 1.04331e-13, -3.61999e-06, 1.17319e-05, -0.000109054, 0.0576988)
joint_rotation = Vector3(-2.98023e-08, 1.5708, -3.55271e-15)
body_offset = Transform3D(1, 2.491e-08, 1.76418e-07, 1.7924e-07, 2.04742e-05, -0.999999, -3.02323e-08, 0.999999, 2.18749e-05, -1.17421e-05, 0.0576988, 0.000107791)
bone_name = "foot.R"
joint_constraints/angular_limit_enabled = true
joint_constraints/angular_limit_upper = 50.0
joint_constraints/angular_limit_lower = -55.22
joint_constraints/angular_limit_bias = 0.3
joint_constraints/angular_limit_softness = 0.9
joint_constraints/angular_limit_relaxation = 1.0

[node name="CollisionShape3D" type="CollisionShape3D" parent="metarig/Skeleton3D/Physical Bone foot_R" index="0"]
transform = Transform3D(1, 0, 0, 0, 0, 1, 0, -1, 0, 0, 0, 0)
shape = SubResource("CapsuleShape3D_d5wye")

[node name="wpn" type="PhysicalBone3D" parent="metarig/Skeleton3D" index="19"]
transform = Transform3D(1, -1.4199e-07, 3.34885e-07, 1.05772e-07, -0.767369, -0.641206, 3.48025e-07, 0.641206, -0.767369, -0.166024, 0.976355, -0.13337)
collision_layer = 16
collision_mask = 16
joint_offset = Transform3D(1, 0, 0, 0, 1, 0, 0, 0, 1, -3.8743e-07, 1.15633e-05, -1.96697e-06)
body_offset = Transform3D(1, -3.05882e-08, -1.12895e-08, 2.43179e-08, 0.999999, 1.69873e-06, 7.04338e-09, 1.10269e-06, 0.999999, 3.8743e-07, -1.15633e-05, 1.96695e-06)
bone_name = "weapon_small"

[node name="CollisionShape3D" type="CollisionShape3D" parent="metarig/Skeleton3D/wpn" index="0"]
shape = SubResource("CapsuleShape3D_h2y6v")

[node name="human_female" parent="metarig/Skeleton3D" index="20" groups=["body"]]

[node name="CollisionShape3D" type="CollisionShape3D" parent="." index="2"]
transform = Transform3D(1, 0, 0, 0, 1, 0, 0, 0, 1, 0, 0.912438, 0)
shape = SubResource("CapsuleShape3D_yt1gq")
