[gd_scene load_steps=38 format=3 uid="uid://bmlv4ygxete4q"]

[ext_resource type="PackedScene" uid="uid://nruofvxsxgo8" path="res://models/human_female.glb" id="1_5etnq"]
[ext_resource type="Script" uid="uid://lvhaelpdejpj" path="res://lib/character_scene.gd" id="2_onmyu"]
[ext_resource type="Animation" uid="uid://quj82baifte6" path="res://models/characters/humanoid/cast_self.res" id="3_6dabe"]
[ext_resource type="Animation" uid="uid://dms05650ndh6k" path="res://models/characters/humanoid/throw.res" id="4_5kpy6"]
[ext_resource type="Animation" uid="uid://dtgkqe70k1y3m" path="res://models/characters/humanoid/combat_melee_1h_attack.res" id="5_5ndae"]
[ext_resource type="Animation" uid="uid://cbwsdukp75eon" path="res://models/characters/humanoid/idle.res" id="6_4lvpb"]
[ext_resource type="Animation" uid="uid://36wo582wnbrb" path="res://models/characters/humanoid/idle_combat.res" id="7_155w1"]
[ext_resource type="Animation" uid="uid://b6odud2vsy8q2" path="res://models/characters/humanoid/ready_weapon.res" id="8_htdfc"]
[ext_resource type="Animation" uid="uid://ix287m5ilrp6" path="res://models/characters/humanoid/run.res" id="9_5a818"]
[ext_resource type="Animation" uid="uid://crkhqtrs2ndh3" path="res://models/characters/humanoid/walk_combat.res" id="10_gm04t"]

[sub_resource type="CapsuleShape3D" id="CapsuleShape3D_spnwm"]
radius = 0.185948
height = 0.551579

[sub_resource type="CapsuleShape3D" id="CapsuleShape3D_rcpg0"]
radius = 0.163248
height = 0.326496

[sub_resource type="CapsuleShape3D" id="CapsuleShape3D_jyv0f"]
radius = 0.0258881
height = 0.258881

[sub_resource type="CapsuleShape3D" id="CapsuleShape3D_6dabe"]
radius = 0.0256056
height = 0.256056

[sub_resource type="CapsuleShape3D" id="CapsuleShape3D_5ndae"]
radius = 0.0258881
height = 0.258881

[sub_resource type="CapsuleShape3D" id="CapsuleShape3D_4lvpb"]
radius = 0.0256056
height = 0.256056

[sub_resource type="CapsuleShape3D" id="CapsuleShape3D_155w1"]
radius = 0.0459622
height = 0.459622

[sub_resource type="CapsuleShape3D" id="CapsuleShape3D_htdfc"]
radius = 0.0407458
height = 0.29876

[sub_resource type="CapsuleShape3D" id="CapsuleShape3D_gm04t"]
radius = 0.0459622
height = 0.459622

[sub_resource type="CapsuleShape3D" id="CapsuleShape3D_diewo"]
radius = 0.0407458
height = 0.324124

[sub_resource type="CapsuleShape3D" id="CapsuleShape3D_yt1gq"]
radius = 0.21205
height = 1.76024

[sub_resource type="AnimationLibrary" id="AnimationLibrary_hm42d"]
_data = {
&"cast_self": ExtResource("3_6dabe"),
&"combat_melee_1h_attack": ExtResource("5_5ndae"),
&"idle": ExtResource("6_4lvpb"),
&"idle_combat": ExtResource("7_155w1"),
&"ready_weapon": ExtResource("8_htdfc"),
&"run": ExtResource("9_5a818"),
&"throw": ExtResource("4_5kpy6"),
&"walk_combat": ExtResource("10_gm04t")
}

[sub_resource type="AnimationNodeAnimation" id="AnimationNodeAnimation_ghnjs"]
animation = &"combat_melee_1h_attack"

[sub_resource type="AnimationNodeBlend2" id="AnimationNodeBlend2_ghnjs"]
filter_enabled = true
filters = ["metarig/Skeleton3D:foot.L", "metarig/Skeleton3D:foot.R", "metarig/Skeleton3D:pelvis.L", "metarig/Skeleton3D:pelvis.R", "metarig/Skeleton3D:shin.L", "metarig/Skeleton3D:shin.R", "metarig/Skeleton3D:spine", "metarig/Skeleton3D:spine.001", "metarig/Skeleton3D:thigh.L", "metarig/Skeleton3D:thigh.R", "metarig/Skeleton3D:toe.L", "metarig/Skeleton3D:toe.R"]

[sub_resource type="AnimationNodeAnimation" id="AnimationNodeAnimation_spnwm"]
animation = &"idle"
use_custom_timeline = true
timeline_length = 25.5833
stretch_time_scale = false
start_offset = 0.0
loop_mode = 1

[sub_resource type="AnimationNodeAnimation" id="AnimationNodeAnimation_onmyu"]
animation = &"idle_combat"
use_custom_timeline = true
timeline_length = 1.66667
stretch_time_scale = false
start_offset = 0.0
loop_mode = 1

[sub_resource type="AnimationNodeOneShot" id="AnimationNodeOneShot_spnwm"]
filter_enabled = true
filters = [".", "metarig/Skeleton3D:breast.L", "metarig/Skeleton3D:breast.R", "metarig/Skeleton3D:forearm.L", "metarig/Skeleton3D:forearm.R", "metarig/Skeleton3D:hand.L", "metarig/Skeleton3D:hand.R", "metarig/Skeleton3D:shoulder.L", "metarig/Skeleton3D:shoulder.R", "metarig/Skeleton3D:spine.002", "metarig/Skeleton3D:spine.003", "metarig/Skeleton3D:spine.004", "metarig/Skeleton3D:spine.005", "metarig/Skeleton3D:spine.006", "metarig/Skeleton3D:upper_arm.L", "metarig/Skeleton3D:upper_arm.R"]
fadein_time = 0.3
fadeout_time = 0.3

[sub_resource type="AnimationNodeTransition" id="AnimationNodeTransition_rcpg0"]
input_0/name = "MELEE_1H_ATTACK"
input_0/auto_advance = false
input_0/break_loop_at_end = true
input_0/reset = true
input_1/name = "READY_WEAPON"
input_1/auto_advance = false
input_1/break_loop_at_end = true
input_1/reset = true
input_2/name = "CAST_SELF"
input_2/auto_advance = false
input_2/break_loop_at_end = true
input_2/reset = true
input_3/name = "THROW"
input_3/auto_advance = false
input_3/break_loop_at_end = true
input_3/reset = true

[sub_resource type="AnimationNodeAnimation" id="AnimationNodeAnimation_rcpg0"]
animation = &"run"
use_custom_timeline = true
timeline_length = 1.04167
stretch_time_scale = false
start_offset = 0.0
loop_mode = 1

[sub_resource type="AnimationNodeBlend2" id="AnimationNodeBlend2_spnwm"]
filters = ["metarig/Skeleton3D:breast.L", "metarig/Skeleton3D:breast.R", "metarig/Skeleton3D:forearm.L", "metarig/Skeleton3D:forearm.R", "metarig/Skeleton3D:hand.L", "metarig/Skeleton3D:hand.R", "metarig/Skeleton3D:shoulder.L", "metarig/Skeleton3D:shoulder.R", "metarig/Skeleton3D:spine.002", "metarig/Skeleton3D:spine.003", "metarig/Skeleton3D:spine.004", "metarig/Skeleton3D:spine.005", "metarig/Skeleton3D:spine.006", "metarig/Skeleton3D:upper_arm.L", "metarig/Skeleton3D:upper_arm.R"]

[sub_resource type="AnimationNodeTransition" id="AnimationNodeTransition_onmyu"]
xfade_time = 0.5
input_0/name = "IDLE"
input_0/auto_advance = false
input_0/break_loop_at_end = false
input_0/reset = true
input_1/name = "COMBAT"
input_1/auto_advance = false
input_1/break_loop_at_end = false
input_1/reset = true

[sub_resource type="AnimationNodeTimeScale" id="AnimationNodeTimeScale_spnwm"]

[sub_resource type="AnimationNodeAnimation" id="AnimationNodeAnimation_7dijq"]
animation = &"walk_combat"
use_custom_timeline = true
timeline_length = 1.25
stretch_time_scale = false
start_offset = 0.0
loop_mode = 1

[sub_resource type="AnimationNodeAnimation" id="AnimationNodeAnimation_6dabe"]
animation = &"cast_self"

[sub_resource type="AnimationNodeAnimation" id="AnimationNodeAnimation_tm55r"]
animation = &"ready_weapon"

[sub_resource type="AnimationNodeAnimation" id="AnimationNodeAnimation_5kpy6"]
animation = &"throw"

[sub_resource type="AnimationNodeBlendTree" id="AnimationNodeBlendTree_uj8ym"]
nodes/output/position = Vector2(920, 280)
nodes/Animation/node = SubResource("AnimationNodeAnimation_ghnjs")
nodes/Animation/position = Vector2(-900, 700)
nodes/CombatWalkBlend/node = SubResource("AnimationNodeBlend2_ghnjs")
nodes/CombatWalkBlend/position = Vector2(-620, 380)
nodes/Idle/node = SubResource("AnimationNodeAnimation_spnwm")
nodes/Idle/position = Vector2(-620, -140)
nodes/IdleCombat/node = SubResource("AnimationNodeAnimation_onmyu")
nodes/IdleCombat/position = Vector2(-960, 340)
nodes/OneShot/node = SubResource("AnimationNodeOneShot_spnwm")
nodes/OneShot/position = Vector2(280, 320)
nodes/OneShotState/node = SubResource("AnimationNodeTransition_rcpg0")
nodes/OneShotState/position = Vector2(-100, 580)
nodes/Run/node = SubResource("AnimationNodeAnimation_rcpg0")
nodes/Run/position = Vector2(-520, 40)
nodes/RunBlend/node = SubResource("AnimationNodeBlend2_spnwm")
nodes/RunBlend/position = Vector2(-200, -160)
nodes/State/node = SubResource("AnimationNodeTransition_onmyu")
nodes/State/position = Vector2(60, 120)
nodes/TimeScale/node = SubResource("AnimationNodeTimeScale_spnwm")
nodes/TimeScale/position = Vector2(500, 160)
nodes/WalkCombat/node = SubResource("AnimationNodeAnimation_7dijq")
nodes/WalkCombat/position = Vector2(-960, 480)
nodes/ready_weapon/node = SubResource("AnimationNodeAnimation_tm55r")
nodes/ready_weapon/position = Vector2(-820, 900)
nodes/cast_self/node = SubResource("AnimationNodeAnimation_6dabe")
nodes/cast_self/position = Vector2(-620, 1040)
nodes/throw/node = SubResource("AnimationNodeAnimation_5kpy6")
nodes/throw/position = Vector2(-360, 1040)
node_connections = [&"output", 0, &"TimeScale", &"CombatWalkBlend", 0, &"IdleCombat", &"CombatWalkBlend", 1, &"WalkCombat", &"OneShot", 0, &"State", &"OneShot", 1, &"OneShotState", &"OneShotState", 0, &"Animation", &"OneShotState", 1, &"ready_weapon", &"OneShotState", 2, &"cast_self", &"OneShotState", 3, &"throw", &"RunBlend", 0, &"Idle", &"RunBlend", 1, &"Run", &"State", 0, &"RunBlend", &"State", 1, &"CombatWalkBlend", &"TimeScale", 0, &"OneShot"]

[node name="HumanFemale" node_paths=PackedStringArray("body", "animation_tree", "collision_shape", "skeleton", "simulator") instance=ExtResource("1_5etnq")]
script = ExtResource("2_onmyu")
body = NodePath("metarig/Skeleton3D/human_female")
animation_tree = NodePath("AnimationTree")
collision_shape = NodePath("CollisionShape3D")
skeleton = NodePath("metarig/Skeleton3D")
simulator = NodePath("metarig/Skeleton3D/PhysicalBoneSimulator3D")

[node name="Skeleton3D" parent="metarig" index="0"]
animate_physical_bones = false
bones/0/position = Vector3(-0.002324216, 0.8449313, 0.052327264)
bones/1/rotation = Quaternion(-0.07525427, 0.021682648, -0.00739533, 0.9969013)
bones/2/rotation = Quaternion(-0.049452595, 0.058232054, -0.025599996, 0.9967488)
bones/3/rotation = Quaternion(0.020642338, 0.14012846, 0.018027488, 0.9897541)
bones/4/rotation = Quaternion(-0.13461034, -0.13572785, 0.007919942, 0.98152703)
bones/5/rotation = Quaternion(0.10995648, 0.0026786372, 0.009885218, 0.99388367)
bones/6/rotation = Quaternion(0.14535941, -0.048126433, 0.008421973, 0.9881719)
bones/7/position = Vector3(-0.01623632, 0.12310441, -0.0726198)
bones/7/rotation = Quaternion(0.46540654, -0.35063076, 0.6885346, 0.4317117)
bones/7/scale = Vector3(0.9341764, 0.9341764, 0.93417656)
bones/8/position = Vector3(-0.036253758, 0.1862556, 0.0013504568)
bones/8/rotation = Quaternion(0.18240067, 0.612577, 0.38869143, 0.6636251)
bones/9/rotation = Quaternion(-0.29263136, -0.32504395, 0.04115923, 0.8983426)
bones/10/rotation = Quaternion(0.05896926, 0.07272859, 0.074559554, 0.99281126)
bones/11/position = Vector3(0.016236318, 0.12308716, -0.06777198)
bones/11/rotation = Quaternion(0.6022053, 0.42218673, -0.47228274, 0.48585626)
bones/11/scale = Vector3(0.9341763, 0.9341764, 0.93417645)
bones/12/position = Vector3(0.0362528, 0.18625568, 0.0013729401)
bones/12/rotation = Quaternion(0.4821733, 0.65679514, 0.4130475, -0.4068426)
bones/13/rotation = Quaternion(-0.11930957, 0.023898974, 0.17682731, 0.9766915)
bones/14/rotation = Quaternion(-0.12275016, 0.509849, -0.12431369, 0.8423376)
bones/15/position = Vector3(-0.106212035, -0.004378441, 0.0383555)
bones/15/scale = Vector3(1.0130954, 1.0130953, 1.0130953)
bones/16/position = Vector3(0.10621207, -0.004378494, 0.038355514)
bones/16/scale = Vector3(1.0837219, 1.0837218, 1.0837216)
bones/17/rotation = Quaternion(0.18652199, -0.77512044, 0.3255275, 0.50835985)
bones/18/rotation = Quaternion(0.18652207, 0.7751205, -0.32552758, 0.5083598)
bones/19/rotation = Quaternion(0.9197473, 0.0072191353, 0.0030051186, -0.39243317)
bones/20/rotation = Quaternion(-0.24205633, 0.14142993, -0.026432581, 0.9595351)
bones/21/rotation = Quaternion(0.4326828, -0.11375667, 0.055651493, 0.8926074)
bones/22/rotation = Quaternion(0.19493754, 0.6797051, 0.19493741, 0.6797057)
bones/24/rotation = Quaternion(0.9759431, 0.00039384817, 0.1699052, -0.13662767)
bones/25/rotation = Quaternion(-0.2934892, 0.0022287047, -0.0074954717, 0.9559304)
bones/26/rotation = Quaternion(0.6628805, 0.3000421, -0.031634647, 0.685247)
bones/27/rotation = Quaternion(0.19885243, 0.68172604, 0.20113532, 0.6747236)

[node name="human_female" parent="metarig/Skeleton3D" index="0" groups=["body"]]

[node name="PhysicalBoneSimulator3D" type="PhysicalBoneSimulator3D" parent="metarig/Skeleton3D" index="1"]

[node name="Physical Bone spine_001" type="PhysicalBone3D" parent="metarig/Skeleton3D/PhysicalBoneSimulator3D" index="0" groups=["leg_bone"]]
transform = Transform3D(1, 4.7624704e-07, 2.8355896e-07, 1.5569623e-07, 0.24963015, -0.9683413, -5.3195447e-07, 0.96834135, 0.24963014, 0.0022812267, 1.1868812, 0.0157159)
collision_layer = 0
collision_mask = 0
joint_type = 3
joint_offset = Transform3D(1, 0, 0, 0, 1, 0, 0, 0, 1, -0.004605516, -0.04990869, 0.34026346)
body_offset = Transform3D(1, 4.470374e-07, 2.4586473e-07, 2.458691e-07, -9.819865e-06, -1.0000001, -4.4703495e-07, 1.0000001, -9.819865e-06, 0.0046054544, 0.340263, 0.049912035)
mass = 30.0
bone_name = "spine"
joint_constraints/angular_limit_enabled = false
joint_constraints/angular_limit_upper = 90.0
joint_constraints/angular_limit_lower = -90.0
joint_constraints/angular_limit_bias = 0.3
joint_constraints/angular_limit_softness = 0.9
joint_constraints/angular_limit_relaxation = 1.0

[node name="CollisionShape3D" type="CollisionShape3D" parent="metarig/Skeleton3D/PhysicalBoneSimulator3D/Physical Bone spine_001" index="0"]
transform = Transform3D(1, -1.0816705e-07, -5.3443557e-08, 7.783922e-08, 0.239957, 0.970783, -9.218219e-08, -0.970783, 0.239957, 1.8195351e-08, 0.0041792393, -0.074055314)
shape = SubResource("CapsuleShape3D_spnwm")

[node name="Physical Bone spine_004" type="PhysicalBone3D" parent="metarig/Skeleton3D/PhysicalBoneSimulator3D" index="1"]
transform = Transform3D(0.9988859, 0.032024544, -0.034662157, -0.041131526, 0.23072699, -0.97214884, -0.023135126, 0.97249144, 0.23178715, 0.020612527, 1.5465736, -0.009755999)
collision_layer = 0
collision_mask = 0
joint_type = 3
joint_offset = Transform3D(1, 0, 0, 0, 1, 0, 0, 0, 1, 0.0025732182, -0.2053994, 0.12222767)
body_offset = Transform3D(0.98947906, -0.14361742, -0.017469566, -0.08234275, -0.45975995, -0.8842175, 0.11895726, 0.87635326, -0.4667489, -0.029909812, 0.013853312, 0.23674595)
mass = 15.0
bone_name = "spine.004"
joint_constraints/angular_limit_enabled = false
joint_constraints/angular_limit_upper = 90.0
joint_constraints/angular_limit_lower = -90.0
joint_constraints/angular_limit_bias = 0.3
joint_constraints/angular_limit_softness = 0.9
joint_constraints/angular_limit_relaxation = 1.0

[node name="CollisionShape3D" type="CollisionShape3D" parent="metarig/Skeleton3D/PhysicalBoneSimulator3D/Physical Bone spine_004" index="0"]
transform = Transform3D(0.999733, -0.0222078, -0.00639255, 0.014331, 0.378767, 0.925381, -0.0181294, -0.925226, 0.378984, 0.00130201, -0.00606418, -0.116449)
shape = SubResource("CapsuleShape3D_rcpg0")

[node name="Physical Bone upper_arm_L" type="PhysicalBone3D" parent="metarig/Skeleton3D/PhysicalBoneSimulator3D" index="2"]
transform = Transform3D(-0.5744589, -0.59674823, -0.5602576, 0.22925065, 0.53977436, -0.80999255, 0.7857743, -0.59374684, -0.17327325, -0.2313352, 1.4866225, -0.29831582)
collision_layer = 0
collision_mask = 0
joint_type = 1
joint_offset = Transform3D(1, 0, 0, 0, 1, 0, 0, 0, 1, 0.036253735, -0.22803898, 0.14115107)
body_offset = Transform3D(0.6085259, 0.8326846, 0.2867421, 0.37114918, -0.5585544, 0.8343586, 0.7986446, -0.37488914, -0.6062293, 0.12734926, -0.25859833, -0.028873265)
mass = 2.0
bone_name = "upper_arm.L"
joint_constraints/bias = 0.3
joint_constraints/damping = 1.0
joint_constraints/impulse_clamp = 0.0

[node name="CollisionShape3D" type="CollisionShape3D" parent="metarig/Skeleton3D/PhysicalBoneSimulator3D/Physical Bone upper_arm_L" index="0"]
transform = Transform3D(1, -2.32831e-09, -7.45058e-09, 0, 3.72529e-09, 1, 1.39698e-09, -1, 0, -0.00141561, 0.000710666, 0.0146957)
shape = SubResource("CapsuleShape3D_jyv0f")

[node name="Physical Bone forearm_L" type="PhysicalBone3D" parent="metarig/Skeleton3D/PhysicalBoneSimulator3D" index="3"]
transform = Transform3D(-0.25922954, 0.32968298, -0.90780467, 0.9563698, -0.043513853, -0.28890038, -0.13474761, -0.9430884, -0.30401877, 0.2580144, 1.1050278, -0.46450797)
collision_layer = 0
collision_mask = 0
joint_type = 1
joint_offset = Transform3D(1, 0, 0, 0, 1, 0, 0, 0, 1, 0.03511724, -0.5633605, 0.37102112)
body_offset = Transform3D(0.42660335, -0.859953, 0.47368693, -0.77533054, 0.021751493, 0.7377523, -0.6022965, -0.6371002, -0.6141913, -0.6751925, -0.2342403, -0.10988814)
bone_name = "forearm.L"
joint_constraints/bias = 0.3
joint_constraints/damping = 1.0
joint_constraints/impulse_clamp = 0.0

[node name="CollisionShape3D" type="CollisionShape3D" parent="metarig/Skeleton3D/PhysicalBoneSimulator3D/Physical Bone forearm_L" index="0"]
transform = Transform3D(1, 0, 0, 0, 0, 1, 0, -1, 0, 0, 0, 0)
shape = SubResource("CapsuleShape3D_6dabe")

[node name="Physical Bone upper_arm_R" type="PhysicalBone3D" parent="metarig/Skeleton3D/PhysicalBoneSimulator3D" index="4"]
transform = Transform3D(0.5235026, 0.85201436, 0.0040803817, -0.106852084, 0.060900312, 0.9924081, 0.8452974, -0.5199642, 0.122920975, 0.15120773, 1.2433916, -0.28538057)
collision_layer = 0
collision_mask = 0
joint_type = 1
joint_offset = Transform3D(1, 0, 0, 0, 1, 0, 0, 0, 1, 0.011010025, -0.0046240594, 1.9799423e-05)
body_offset = Transform3D(0.6607605, -0.22997303, -0.8101828, -0.7321298, 0.3521217, -0.697054, 0.41625643, 0.98438334, 0.060065597, -0.008322358, 0.009702802, -3.233552e-05)
mass = 2.0
bone_name = "upper_arm.R"
joint_constraints/bias = 0.3
joint_constraints/damping = 1.0
joint_constraints/impulse_clamp = 0.0

[node name="CollisionShape3D" type="CollisionShape3D" parent="metarig/Skeleton3D/PhysicalBoneSimulator3D/Physical Bone upper_arm_R" index="0"]
transform = Transform3D(1, 4.65661e-09, 0, -7.45058e-09, 0, 1, 2.32831e-09, -1, 0, 0.00105214, 0.000528157, 0.0109214)
shape = SubResource("CapsuleShape3D_5ndae")

[node name="Physical Bone forearm_R" type="PhysicalBone3D" parent="metarig/Skeleton3D/PhysicalBoneSimulator3D" index="5"]
transform = Transform3D(0.76162857, 0.5210835, 0.3852194, -0.4846546, 0.8526567, -0.19515756, -0.43015325, -0.0380608, 0.9019532, 0.17193079, 0.9814078, -0.56195134)
collision_layer = 0
collision_mask = 0
joint_type = 1
joint_offset = Transform3D(1, 0, 0, 0, 1, 0, 0, 0, 1, -0.1283988, 0.08477559, 0.039627932)
body_offset = Transform3D(0.40561095, -0.88893485, 0.437222, 0.25787967, -0.36141622, -0.97404563, 0.95648646, 0.47440654, 0.07720399, 0.11011374, 0.102350116, 0.07953419)
bone_name = "forearm.R"
joint_constraints/bias = 0.3
joint_constraints/damping = 1.0
joint_constraints/impulse_clamp = 0.0

[node name="CollisionShape3D" type="CollisionShape3D" parent="metarig/Skeleton3D/PhysicalBoneSimulator3D/Physical Bone forearm_R" index="0"]
transform = Transform3D(1, 0, 0, 0, 0, 1, 0, -1, 0, 0, 0, 0)
shape = SubResource("CapsuleShape3D_4lvpb")

[node name="Physical Bone thigh_L" type="PhysicalBone3D" parent="metarig/Skeleton3D/PhysicalBoneSimulator3D" index="6" groups=["leg_bone"]]
transform = Transform3D(0.9998778, -0.00015194614, -0.015636213, 0.014660805, -0.33865878, 0.94079506, -0.0054382905, -0.9409093, -0.33861515, -0.09271842, 0.99563265, -0.008196626)
collision_layer = 0
collision_mask = 0
joint_type = 2
joint_offset = Transform3D(1, -1.16415e-10, -1.01863e-10, 1.16415e-10, 1, 7.45058e-09, 1.01863e-10, -7.45058e-09, 1, -0.0065787095, 0.012813583, -0.119874954)
joint_rotation = Vector3(-7.45058e-09, -1.01863e-10, 1.16415e-10)
body_offset = Transform3D(0.9999075, -0.012313468, -0.0058034444, 0.0060338704, 0.78307927, -0.62189066, 0.012202183, 0.62179774, 0.7830806, 0.006040193, -0.08454347, 0.08598456)
mass = 10.0
bone_name = "thigh.L"
joint_constraints/swing_span = 83.14998
joint_constraints/twist_span = 0.0
joint_constraints/bias = 0.3
joint_constraints/softness = 0.8
joint_constraints/relaxation = 1.0

[node name="CollisionShape3D" type="CollisionShape3D" parent="metarig/Skeleton3D/PhysicalBoneSimulator3D/Physical Bone thigh_L" index="0"]
transform = Transform3D(1, 0, 0, 0, 0, 1, 0, -1, 0, 0, 0, 0)
shape = SubResource("CapsuleShape3D_155w1")

[node name="Physical Bone shin_L" type="PhysicalBone3D" parent="metarig/Skeleton3D/PhysicalBoneSimulator3D" index="7" groups=["leg_bone"]]
transform = Transform3D(-0.11617455, -0.38359085, 0.9161668, -0.98215306, -0.09300189, -0.163481, 0.14791505, -0.9188083, -0.3659405, -0.02493602, 0.29891902, 0.1971048)
collision_layer = 0
collision_mask = 0
joint_type = 3
joint_offset = Transform3D(1, 0, 0, 0, 1, 0, 0, 0, 1, -0.2397019, 0.39211863, 0.06250569)
body_offset = Transform3D(-0.046612587, -0.631745, 0.77377385, 0.9713973, 0.15188703, 0.18252493, -0.23283485, 0.7601488, 0.606596, 0.18818057, 0.16187918, -0.39179516)
mass = 6.0
bone_name = "shin.L"
joint_constraints/angular_limit_enabled = true
joint_constraints/angular_limit_upper = 169.99995
joint_constraints/angular_limit_lower = 0.0
joint_constraints/angular_limit_bias = 0.3
joint_constraints/angular_limit_softness = 0.9
joint_constraints/angular_limit_relaxation = 1.0

[node name="CollisionShape3D" type="CollisionShape3D" parent="metarig/Skeleton3D/PhysicalBoneSimulator3D/Physical Bone shin_L" index="0"]
transform = Transform3D(0.135456, -0.98595, -0.0977443, 0.0977969, -0.0848666, 0.991581, -0.985945, -0.143875, 0.0849272, -4.18723e-05, 2.87024e-05, -2.85357e-06)
shape = SubResource("CapsuleShape3D_htdfc")

[node name="Physical Bone thigh_R" type="PhysicalBone3D" parent="metarig/Skeleton3D/PhysicalBoneSimulator3D" index="8" groups=["leg_bone"]]
transform = Transform3D(0.9400518, -0.3260398, 0.10000369, -0.0578432, 0.13655473, 0.9889424, -0.3360905, -0.93544155, 0.10950934, 0.07649173, 0.76629674, -0.0067575984)
collision_layer = 0
collision_mask = 0
joint_type = 2
joint_offset = Transform3D(0.999998, 0, 0, 0, -4.37113e-08, -0.999999, 0, 0.999998, -4.3711346e-08, -0.0002966756, -0.015378542, 0.11548208)
joint_rotation = Vector3(1.5707964, 0, 0)
body_offset = Transform3D(0.77174765, -0.61310756, 0.16883315, 0.108115286, -0.13512808, -0.9849119, 0.62667024, 0.77835584, -0.037998386, -0.028696947, 0.11169368, 0.01654403)
mass = 8.0
bone_name = "thigh.R"
joint_constraints/swing_span = 83.14998
joint_constraints/twist_span = 0.0
joint_constraints/bias = 0.3
joint_constraints/softness = 0.8
joint_constraints/relaxation = 1.0

[node name="CollisionShape3D" type="CollisionShape3D" parent="metarig/Skeleton3D/PhysicalBoneSimulator3D/Physical Bone thigh_R" index="0"]
transform = Transform3D(1, 0, 0, 0, 0, 1, 0, -1, 0, 0, 0, 0)
shape = SubResource("CapsuleShape3D_gm04t")

[node name="Physical Bone shin_R" type="PhysicalBone3D" parent="metarig/Skeleton3D/PhysicalBoneSimulator3D" index="9" groups=["leg_bone"]]
transform = Transform3D(-0.08625733, -0.42431077, 0.90139896, -0.88334906, 0.45096982, 0.12775259, -0.46071056, -0.7852303, -0.413714, 0.053752415, 0.36256093, -0.07298041)
collision_layer = 0
collision_mask = 0
joint_type = 3
joint_offset = Transform3D(1, 0, 0, 0, 0.999996, 0, 0, 0, 0.999996, -0.094672665, -0.067022175, 0.026748482)
body_offset = Transform3D(-0.2824031, -0.6362994, 0.717894, 0.5184368, -0.730888, -0.44387525, 0.80713785, 0.24682981, 0.53628516, -0.0885846, 0.0119690895, 0.07861215)
mass = 3.0
bone_name = "shin.R"
joint_constraints/angular_limit_enabled = true
joint_constraints/angular_limit_upper = 169.99995
joint_constraints/angular_limit_lower = 0.0
joint_constraints/angular_limit_bias = 0.3
joint_constraints/angular_limit_softness = 0.9
joint_constraints/angular_limit_relaxation = 1.0

[node name="CollisionShape3D" type="CollisionShape3D" parent="metarig/Skeleton3D/PhysicalBoneSimulator3D/Physical Bone shin_R" index="0"]
transform = Transform3D(-0.0131066, -0.994499, -0.103926, 0.0954806, -0.104705, 0.989909, -0.995345, 0.00305143, 0.0963277, 0.0149769, -0.00487797, 4.20734e-05)
shape = SubResource("CapsuleShape3D_diewo")

[node name="CollisionShape3D" type="CollisionShape3D" parent="." index="1"]
transform = Transform3D(1, 0, 0, 0, 1, 0, 0, 0, 1, 0, 0.912438, 0)
shape = SubResource("CapsuleShape3D_yt1gq")

[node name="AnimationTree" type="AnimationTree" parent="." index="2"]
deterministic = false
callback_mode_method = 1
libraries = {
&"": SubResource("AnimationLibrary_hm42d")
}
tree_root = SubResource("AnimationNodeBlendTree_uj8ym")
anim_player = NodePath("../AnimationPlayer")
parameters/CombatWalkBlend/blend_amount = 0.0
parameters/OneShot/active = false
parameters/OneShot/internal_active = false
parameters/OneShot/request = 0
parameters/OneShotState/current_state = "READY_WEAPON_POST"
parameters/OneShotState/transition_request = ""
parameters/OneShotState/current_index = 3
parameters/RunBlend/blend_amount = 0.0
parameters/State/current_state = "IDLE"
parameters/State/transition_request = ""
parameters/State/current_index = 0
parameters/TimeScale/scale = 1.0
