[gd_scene load_steps=38 format=3 uid="uid://dxkciqlfb31td"]

[ext_resource type="PackedScene" uid="uid://ccqv6vbrh71jr" path="res://models/human_female.glb" id="1_5etnq"]
[ext_resource type="Script" uid="uid://lvhaelpdejpj" path="res://lib/character_scene.gd" id="2_onmyu"]

[sub_resource type="CapsuleShape3D" id="CapsuleShape3D_a0fj6"]
radius = 0.075368
height = 0.150736

[sub_resource type="CapsuleShape3D" id="CapsuleShape3D_ofxma"]
radius = 0.0637363
height = 0.127473

[sub_resource type="CapsuleShape3D" id="CapsuleShape3D_2ajha"]
radius = 0.0675105
height = 0.135021

[sub_resource type="CapsuleShape3D" id="CapsuleShape3D_7mkr5"]
radius = 0.0604066
height = 0.155693

[sub_resource type="CapsuleShape3D" id="CapsuleShape3D_wrpup"]
radius = 0.0309963
height = 0.0619926

[sub_resource type="CapsuleShape3D" id="CapsuleShape3D_3ncyp"]
radius = 0.074552
height = 0.149104

[sub_resource type="CapsuleShape3D" id="CapsuleShape3D_vkqsd"]
radius = 0.0532711
height = 0.199028

[sub_resource type="CapsuleShape3D" id="CapsuleShape3D_j113q"]
radius = 0.0258881
height = 0.258881

[sub_resource type="CapsuleShape3D" id="CapsuleShape3D_ka3jt"]
radius = 0.0256056
height = 0.256056

[sub_resource type="CapsuleShape3D" id="CapsuleShape3D_47rdv"]
radius = 0.0586426
height = 0.199028

[sub_resource type="CapsuleShape3D" id="CapsuleShape3D_ie438"]
radius = 0.0258881
height = 0.258881

[sub_resource type="CapsuleShape3D" id="CapsuleShape3D_a0l17"]
radius = 0.0256056
height = 0.256056

[sub_resource type="CapsuleShape3D" id="CapsuleShape3D_y7xe2"]
radius = 0.0459622
height = 0.459622

[sub_resource type="CapsuleShape3D" id="CapsuleShape3D_olxe2"]
radius = 0.0407458
height = 0.407458

[sub_resource type="CapsuleShape3D" id="CapsuleShape3D_lctsx"]
radius = 0.0115941
height = 0.115941

[sub_resource type="CapsuleShape3D" id="CapsuleShape3D_jtgl3"]
radius = 0.0459622
height = 0.459622

[sub_resource type="CapsuleShape3D" id="CapsuleShape3D_nyirh"]
radius = 0.0407458
height = 0.407458

[sub_resource type="CapsuleShape3D" id="CapsuleShape3D_d5wye"]
radius = 0.0115941
height = 0.115941

[sub_resource type="CapsuleShape3D" id="CapsuleShape3D_yt1gq"]
radius = 0.21205
height = 1.76024

[sub_resource type="AnimationNodeAnimation" id="AnimationNodeAnimation_uj8ym"]
animation = &"combat_melee_1h_attack"
use_custom_timeline = true
timeline_length = 1.05
stretch_time_scale = false
start_offset = 1.1
loop_mode = 0

[sub_resource type="AnimationNodeAnimation" id="AnimationNodeAnimation_ghnjs"]
animation = &"combat_melee_1h_attack"
use_custom_timeline = true
timeline_length = 1.1
stretch_time_scale = false
start_offset = 0.0
loop_mode = 1

[sub_resource type="AnimationNodeBlend2" id="AnimationNodeBlend2_ghnjs"]
filter_enabled = true
filters = ["metarig/Skeleton3D:foot.L", "metarig/Skeleton3D:foot.R", "metarig/Skeleton3D:pelvis.L", "metarig/Skeleton3D:pelvis.R", "metarig/Skeleton3D:shin.L", "metarig/Skeleton3D:shin.R", "metarig/Skeleton3D:spine", "metarig/Skeleton3D:spine.001", "metarig/Skeleton3D:thigh.L", "metarig/Skeleton3D:thigh.R", "metarig/Skeleton3D:toe.L", "metarig/Skeleton3D:toe.R"]

[sub_resource type="AnimationNodeAnimation" id="AnimationNodeAnimation_spnwm"]
animation = &"idle"
use_custom_timeline = true
timeline_length = 25.5833
stretch_time_scale = false
start_offset = 0.0
loop_mode = 1

[sub_resource type="AnimationNodeAnimation" id="AnimationNodeAnimation_onmyu"]
animation = &"idle_combat"
use_custom_timeline = true
timeline_length = 1.66667
stretch_time_scale = false
start_offset = 0.0
loop_mode = 1

[sub_resource type="AnimationNodeTransition" id="AnimationNodeTransition_spnwm"]
input_0/name = "PRE_SPAWN"
input_0/auto_advance = true
input_0/break_loop_at_end = true
input_0/reset = true
input_1/name = "POST_SPAWN"
input_1/auto_advance = true
input_1/break_loop_at_end = false
input_1/reset = true

[sub_resource type="AnimationNodeOneShot" id="AnimationNodeOneShot_spnwm"]
filter_enabled = true
filters = ["metarig/Skeleton3D:breast.L", "metarig/Skeleton3D:breast.R", "metarig/Skeleton3D:forearm.L", "metarig/Skeleton3D:forearm.R", "metarig/Skeleton3D:hand.L", "metarig/Skeleton3D:hand.R", "metarig/Skeleton3D:shoulder.L", "metarig/Skeleton3D:shoulder.R", "metarig/Skeleton3D:spine.002", "metarig/Skeleton3D:spine.003", "metarig/Skeleton3D:spine.004", "metarig/Skeleton3D:spine.005", "metarig/Skeleton3D:spine.006", "metarig/Skeleton3D:upper_arm.L", "metarig/Skeleton3D:upper_arm.R"]
fadein_time = 0.3
fadeout_time = 0.3

[sub_resource type="AnimationNodeTransition" id="AnimationNodeTransition_rcpg0"]
input_0/name = "MELEE_1H_ATTACK"
input_0/auto_advance = true
input_0/break_loop_at_end = true
input_0/reset = true
input_1/name = "MELEE_1H_ATTACK_POST"
input_1/auto_advance = false
input_1/break_loop_at_end = true
input_1/reset = true
input_2/name = "READY_WEAPON"
input_2/auto_advance = true
input_2/break_loop_at_end = true
input_2/reset = true
input_3/name = "READY_WEAPON_POST"
input_3/auto_advance = false
input_3/break_loop_at_end = true
input_3/reset = true

[sub_resource type="AnimationNodeTransition" id="AnimationNodeTransition_7dijq"]
input_0/name = "PRE_ATTACH"
input_0/auto_advance = true
input_0/break_loop_at_end = true
input_0/reset = true
input_1/name = "POST_ATTACH"
input_1/auto_advance = true
input_1/break_loop_at_end = false
input_1/reset = true

[sub_resource type="AnimationNodeAnimation" id="AnimationNodeAnimation_rcpg0"]
animation = &"run"
use_custom_timeline = true
timeline_length = 1.04167
stretch_time_scale = false
start_offset = 0.0
loop_mode = 1

[sub_resource type="AnimationNodeBlend2" id="AnimationNodeBlend2_spnwm"]
filters = ["metarig/Skeleton3D:breast.L", "metarig/Skeleton3D:breast.R", "metarig/Skeleton3D:forearm.L", "metarig/Skeleton3D:forearm.R", "metarig/Skeleton3D:hand.L", "metarig/Skeleton3D:hand.R", "metarig/Skeleton3D:shoulder.L", "metarig/Skeleton3D:shoulder.R", "metarig/Skeleton3D:spine.002", "metarig/Skeleton3D:spine.003", "metarig/Skeleton3D:spine.004", "metarig/Skeleton3D:spine.005", "metarig/Skeleton3D:spine.006", "metarig/Skeleton3D:upper_arm.L", "metarig/Skeleton3D:upper_arm.R"]

[sub_resource type="AnimationNodeTransition" id="AnimationNodeTransition_onmyu"]
xfade_time = 0.25
input_0/name = "IDLE"
input_0/auto_advance = false
input_0/break_loop_at_end = false
input_0/reset = true
input_1/name = "COMBAT"
input_1/auto_advance = false
input_1/break_loop_at_end = false
input_1/reset = true

[sub_resource type="AnimationNodeAnimation" id="AnimationNodeAnimation_7dijq"]
animation = &"walk_combat"
use_custom_timeline = true
timeline_length = 1.25
stretch_time_scale = false
start_offset = 0.0
loop_mode = 1

[sub_resource type="AnimationNodeAnimation" id="AnimationNodeAnimation_tm55r"]
animation = &"ready_weapon"
use_custom_timeline = true
timeline_length = 0.61
stretch_time_scale = false
start_offset = 0.0
loop_mode = 1

[sub_resource type="AnimationNodeAnimation" id="AnimationNodeAnimation_jyv0f"]
animation = &"ready_weapon"
use_custom_timeline = true
timeline_length = 0.75
stretch_time_scale = false
start_offset = 0.61
loop_mode = 0

[sub_resource type="AnimationNodeBlendTree" id="AnimationNodeBlendTree_uj8ym"]
nodes/Animation/node = SubResource("AnimationNodeAnimation_ghnjs")
nodes/Animation/position = Vector2(-900, 700)
"nodes/Animation 2/node" = SubResource("AnimationNodeAnimation_uj8ym")
"nodes/Animation 2/position" = Vector2(-900, 880)
nodes/CombatWalkBlend/node = SubResource("AnimationNodeBlend2_ghnjs")
nodes/CombatWalkBlend/position = Vector2(-660, 380)
nodes/Idle/node = SubResource("AnimationNodeAnimation_spnwm")
nodes/Idle/position = Vector2(-620, -140)
nodes/IdleCombat/node = SubResource("AnimationNodeAnimation_onmyu")
nodes/IdleCombat/position = Vector2(-960, 340)
nodes/Malee1hAttack/node = SubResource("AnimationNodeTransition_spnwm")
nodes/Malee1hAttack/position = Vector2(-1120, 960)
nodes/OneShot/node = SubResource("AnimationNodeOneShot_spnwm")
nodes/OneShot/position = Vector2(280, 320)
nodes/OneShotState/node = SubResource("AnimationNodeTransition_rcpg0")
nodes/OneShotState/position = Vector2(-100, 580)
nodes/ReadyWeaponFw/node = SubResource("AnimationNodeTransition_7dijq")
nodes/ReadyWeaponFw/position = Vector2(-1060, 1240)
nodes/Run/node = SubResource("AnimationNodeAnimation_rcpg0")
nodes/Run/position = Vector2(-520, 40)
nodes/RunBlend/node = SubResource("AnimationNodeBlend2_spnwm")
nodes/RunBlend/position = Vector2(-206.667, -156.004)
nodes/State/node = SubResource("AnimationNodeTransition_onmyu")
nodes/State/position = Vector2(60, 120)
nodes/WalkCombat/node = SubResource("AnimationNodeAnimation_7dijq")
nodes/WalkCombat/position = Vector2(-960, 480)
nodes/output/position = Vector2(620, 300)
nodes/ready_weapon/node = SubResource("AnimationNodeAnimation_tm55r")
nodes/ready_weapon/position = Vector2(-640, 1060)
nodes/ready_weapon_post/node = SubResource("AnimationNodeAnimation_jyv0f")
nodes/ready_weapon_post/position = Vector2(-660, 1240)
node_connections = [&"CombatWalkBlend", 0, &"IdleCombat", &"CombatWalkBlend", 1, &"WalkCombat", &"OneShot", 0, &"State", &"OneShot", 1, &"OneShotState", &"OneShotState", 0, &"Animation", &"OneShotState", 1, &"Animation 2", &"OneShotState", 2, &"ready_weapon", &"OneShotState", 3, &"ready_weapon_post", &"RunBlend", 0, &"Idle", &"RunBlend", 1, &"Run", &"State", 0, &"RunBlend", &"State", 1, &"CombatWalkBlend", &"output", 0, &"OneShot"]

[node name="HumanFemale" node_paths=PackedStringArray("body", "eyes", "animation_tree", "collision_shape") instance=ExtResource("1_5etnq")]
script = ExtResource("2_onmyu")
body = NodePath("metarig/Skeleton3D/human_female")
eyes = NodePath("metarig/Skeleton3D/eyes")
animation_tree = NodePath("AnimationTree")
collision_shape = NodePath("CollisionShape3D")

[node name="Skeleton3D" parent="metarig" index="0"]
bones/0/position = Vector3(-9.96169e-11, 0.906262, 0.0521648)
bones/1/rotation = Quaternion(0.0644764, 8.9676e-05, -0.0004726, 0.997919)
bones/2/rotation = Quaternion(0.0774642, 1.07667e-07, -2.04404e-08, 0.996995)
bones/3/rotation = Quaternion(0.00646663, -0.0242094, -0.000299485, 0.999686)
bones/4/rotation = Quaternion(-0.201738, 2.58735e-08, 2.60151e-08, 0.979439)
bones/5/rotation = Quaternion(0.094858, -1.29807e-07, -2.21982e-08, 0.995491)
bones/6/rotation = Quaternion(0.0935657, 0.000409495, 3.71019e-05, 0.995613)
bones/7/position = Vector3(-0.0164163, 0.123096, -0.0701959)
bones/7/rotation = Quaternion(0.654097, -0.23729, 0.497214, 0.518295)
bones/7/scale = Vector3(0.934176, 0.934177, 0.934177)
bones/8/position = Vector3(-0.0362537, 0.186256, 0.00135039)
bones/8/rotation = Quaternion(0.244956, 0.858605, 0.361692, 0.268276)
bones/9/rotation = Quaternion(-0.41852, -0.110847, -0.0710003, 0.898617)
bones/10/rotation = Quaternion(0.0544236, 0.0317856, 0.0401364, 0.997204)
bones/11/position = Vector3(0.0164163, 0.123096, -0.0701959)
bones/11/rotation = Quaternion(0.654163, 0.237073, -0.497363, 0.518167)
bones/11/scale = Vector3(0.934176, 0.934176, 0.934177)
bones/12/position = Vector3(0.0362528, 0.186256, 0.00137289)
bones/12/rotation = Quaternion(0.133115, -0.789635, -0.482367, 0.355077)
bones/13/rotation = Quaternion(-0.143603, 0.0965514, 0.0164217, 0.984777)
bones/14/rotation = Quaternion(0.0544236, -0.0317856, -0.0401365, 0.997205)
bones/15/position = Vector3(-0.107064, -0.00437837, 0.0383555)
bones/15/scale = Vector3(1.0131, 1.0131, 1.0131)
bones/16/position = Vector3(0.107064, -0.00437838, 0.0383555)
bones/16/scale = Vector3(1.08372, 1.08372, 1.08372)
bones/17/rotation = Quaternion(0.186522, -0.77512, 0.325527, 0.50836)
bones/18/rotation = Quaternion(0.186522, 0.77512, -0.325528, 0.50836)
bones/19/rotation = Quaternion(0.984954, 0.00771456, 0.00127786, -0.17264)
bones/20/rotation = Quaternion(-0.0966238, -0.000686969, 0.00778947, 0.99529)
bones/21/rotation = Quaternion(0.527363, 3.33011e-07, 6.53739e-08, 0.84964)
bones/22/rotation = Quaternion(0.195088, 0.679662, 0.195088, 0.679663)
bones/24/rotation = Quaternion(0.984667, -0.00771179, -0.00129466, -0.174271)
bones/25/rotation = Quaternion(-0.0989983, 0.000705122, -0.00778782, 0.995057)
bones/26/rotation = Quaternion(0.526965, 3.16098e-07, 9.95172e-08, 0.849887)
bones/27/rotation = Quaternion(0.194937, 0.679705, 0.194937, 0.679706)

[node name="Physical Bone spine" type="PhysicalBone3D" parent="metarig/Skeleton3D" index="1"]
transform = Transform3D(1, 2.92114e-08, 3.76948e-08, 2.9209e-08, 0.24964, -0.968339, -3.76967e-08, 0.968339, 0.24964, 0.0231383, 0.928975, -0.0753183)
joint_type = 3
joint_offset = Transform3D(1, 0, 0, 0, 1, 0, 0, 0, 1, -0.0231383, 0.117777, 0.0538187)
body_offset = Transform3D(1, 2.18492e-12, 3.14415e-13, 3.16192e-13, 2.23517e-07, -1, -2.18847e-12, 1, 2.23517e-07, 0.0231383, 0.0538186, -0.117777)
mass = 15.0
bone_name = "spine"
joint_constraints/angular_limit_enabled = true
joint_constraints/angular_limit_upper = 10.0
joint_constraints/angular_limit_lower = -10.0
joint_constraints/angular_limit_bias = 0.3
joint_constraints/angular_limit_softness = 0.9
joint_constraints/angular_limit_relaxation = 1.0

[node name="CollisionShape3D" type="CollisionShape3D" parent="metarig/Skeleton3D/Physical Bone spine" index="0"]
transform = Transform3D(1, 0, -1.81188e-13, 0, 0, 1, 0, -1, 0, -2.33769e-10, -0.00200364, 0.00777203)
shape = SubResource("CapsuleShape3D_a0fj6")

[node name="Physical Bone spine_001" type="PhysicalBone3D" parent="metarig/Skeleton3D" index="2"]
transform = Transform3D(1, 0.000126081, -0.000905519, -0.000913155, 0.186282, -0.982496, 4.48075e-05, 0.982496, 0.186282, 0.0239856, 1.03755, -0.101425)
joint_type = 3
joint_offset = Transform3D(-3.61999e-06, 0, 1, 0, 1, 0, -1, 0, -3.61999e-06, -0.0239811, 0.117582, 0.0213578)
joint_rotation = Vector3(0, 1.5708, 0)
body_offset = Transform3D(1, -5.29145e-05, 3.97195e-05, 4.30277e-05, 0.0640666, -0.997946, 5.02611e-05, 0.997946, 0.0640666, 0.0239865, 0.0137819, -0.118707)
mass = 15.0
bone_name = "spine.001"
joint_constraints/angular_limit_enabled = true
joint_constraints/angular_limit_upper = 1.0
joint_constraints/angular_limit_lower = -1.0
joint_constraints/angular_limit_bias = 0.3
joint_constraints/angular_limit_softness = 0.9
joint_constraints/angular_limit_relaxation = 1.0

[node name="CollisionShape3D" type="CollisionShape3D" parent="metarig/Skeleton3D/Physical Bone spine_001" index="0"]
transform = Transform3D(1, 0, 0, 0, 0, 1, 0, -1, 0, 0, 0, 0)
shape = SubResource("CapsuleShape3D_ofxma")

[node name="Physical Bone spine_002" type="PhysicalBone3D" parent="metarig/Skeleton3D" index="3"]
transform = Transform3D(1, 0.000199632, -0.000852265, -0.000872481, 0.148787, -0.988869, -7.06038e-05, 0.988869, 0.148787, 0.0240633, 1.19634, -0.123481)
joint_type = 3
joint_offset = Transform3D(-3.61999e-06, 0, 0.999999, 0, 1, 0, -0.999999, 0, -3.61999e-06, -0.0239236, 0.119686, 0.0546508)
joint_rotation = Vector3(0, 1.5708, 0)
body_offset = Transform3D(1, 5.64905e-05, 9.91146e-05, 8.73145e-05, 0.18017, -0.983636, -7.34236e-05, 0.983636, 0.18017, 0.0239115, 0.0321946, -0.127576)
mass = 15.0
bone_name = "spine.002"
joint_constraints/angular_limit_enabled = true
joint_constraints/angular_limit_upper = 1.0
joint_constraints/angular_limit_lower = -1.0
joint_constraints/angular_limit_bias = 0.3
joint_constraints/angular_limit_softness = 0.9
joint_constraints/angular_limit_relaxation = 1.0

[node name="CollisionShape3D" type="CollisionShape3D" parent="metarig/Skeleton3D/Physical Bone spine_002" index="0"]
transform = Transform3D(1, 0, 0, 0, 0, 1, 0, -1, 0, 0, 0, 0)
shape = SubResource("CapsuleShape3D_2ajha")

[node name="Physical Bone spine_003" type="PhysicalBone3D" parent="metarig/Skeleton3D" index="4"]
transform = Transform3D(0.998815, -0.0461414, -0.0155103, -0.00339567, 0.251808, -0.967771, 0.0485599, 0.966677, 0.251353, 0.0338017, 1.34789, -0.160837)
joint_type = 3
joint_offset = Transform3D(-3.61999e-06, 0, 1, 0, 1, 0, -1, 0, -3.61999e-06, -0.0251888, 0.156454, 0.0746328)
joint_rotation = Vector3(0, 1.5708, 0)
body_offset = Transform3D(1, -0.000211217, -3.79672e-05, 2.5976e-05, 0.294754, -0.955573, 0.000213031, 0.955573, 0.294754, 0.0252247, 0.0252024, -0.171496)
mass = 5.0
bone_name = "spine.003"
joint_constraints/angular_limit_enabled = true
joint_constraints/angular_limit_upper = 1.0
joint_constraints/angular_limit_lower = -1.0
joint_constraints/angular_limit_bias = 0.3
joint_constraints/angular_limit_softness = 0.9
joint_constraints/angular_limit_relaxation = 1.0

[node name="CollisionShape3D" type="CollisionShape3D" parent="metarig/Skeleton3D/Physical Bone spine_003" index="0"]
transform = Transform3D(1, 0, 0, 0, 0, 1, 0, -1, 0, 0, 0, 0)
shape = SubResource("CapsuleShape3D_7mkr5")

[node name="Physical Bone spine_004" type="PhysicalBone3D" parent="metarig/Skeleton3D" index="5"]
transform = Transform3D(0.998822, -0.0360664, -0.032468, -0.0032357, 0.618072, -0.786115, 0.0484199, 0.785294, 0.617227, 0.0349515, 1.45862, -0.202467)
joint_type = 3
joint_offset = Transform3D(-3.61999e-06, 0, 1, 0, 1, 0, -1, 0, -3.61999e-06, -0.0239614, 0.190533, 0.112879)
joint_rotation = Vector3(0, 1.5708, 0)
body_offset = Transform3D(1, -0.000166997, 9.30484e-05, 0.00013886, 0.299985, -0.953944, 0.000131387, 0.953944, 0.299985, 0.0239827, 0.0505266, -0.215617)
mass = 2.0
bone_name = "spine.004"
joint_constraints/angular_limit_enabled = true
joint_constraints/angular_limit_upper = 2.0
joint_constraints/angular_limit_lower = -2.0
joint_constraints/angular_limit_bias = 0.3
joint_constraints/angular_limit_softness = 0.9
joint_constraints/angular_limit_relaxation = 1.0

[node name="CollisionShape3D" type="CollisionShape3D" parent="metarig/Skeleton3D/Physical Bone spine_004" index="0"]
transform = Transform3D(1, 0, 0, 0, 0, 1, 0, -1, 0, 0, 0, 0)
shape = SubResource("CapsuleShape3D_wrpup")

[node name="Physical Bone spine_005" type="PhysicalBone3D" parent="metarig/Skeleton3D" index="6"]
transform = Transform3D(0.998827, -0.0413428, -0.0251887, -0.00359009, 0.455614, -0.89017, 0.0482785, 0.889217, 0.454931, 0.0364216, 1.49994, -0.233774)
joint_type = 3
joint_offset = Transform3D(1, 0, 0, 0, 1, 0, 0, 0, 1, -0.0238198, 0.224332, 0.0662731)
body_offset = Transform3D(1, 0.000141658, -0.000127509, -0.00016382, 0.296907, -0.954907, -9.74089e-05, 0.954907, 0.296907, 0.0237965, -0.00332487, -0.233895)
bone_name = "spine.005"
joint_constraints/angular_limit_enabled = true
joint_constraints/angular_limit_upper = 1.0
joint_constraints/angular_limit_lower = -1.0
joint_constraints/angular_limit_bias = 0.3
joint_constraints/angular_limit_softness = 0.9
joint_constraints/angular_limit_relaxation = 1.0

[node name="CollisionShape3D" type="CollisionShape3D" parent="metarig/Skeleton3D/Physical Bone spine_005" index="0"]
transform = Transform3D(1, 0, 7.10543e-13, 0, 0, 1, -1.42109e-14, -1, 0, 3.02678e-09, 0.00832546, -0.043833)
shape = SubResource("CapsuleShape3D_3ncyp")

[node name="Physical Bone shoulder_L" type="PhysicalBone3D" parent="metarig/Skeleton3D" index="7"]
transform = Transform3D(-0.956506, -0.291271, 0.0160193, -0.0854862, 0.332385, 0.939261, -0.278905, 0.89704, -0.342828, 0.0594038, 1.31201, -0.192268)
joint_type = 3
joint_offset = Transform3D(1, 0, 0, 0, 1, 0, 0, 0, 1, 0.0201781, 0.184934, 0.0740497)
body_offset = Transform3D(-0.648073, 0.835206, -0.16829, 0.78541, 0.503713, -0.524682, -0.330182, -0.441126, -0.917755, -0.128919, -0.0701491, 0.156201)
bone_name = "shoulder.L"
joint_constraints/angular_limit_enabled = true
joint_constraints/angular_limit_upper = 90.0
joint_constraints/angular_limit_lower = -90.0
joint_constraints/angular_limit_bias = 0.3
joint_constraints/angular_limit_softness = 0.9
joint_constraints/angular_limit_relaxation = 1.0

[node name="CollisionShape3D" type="CollisionShape3D" parent="metarig/Skeleton3D/Physical Bone shoulder_L" index="0"]
transform = Transform3D(1, 0, 0, 0, 0, 1, 0, -1, 0, 0, 0, 0)
shape = SubResource("CapsuleShape3D_vkqsd")

[node name="Physical Bone upper_arm_L" type="PhysicalBone3D" parent="metarig/Skeleton3D" index="8"]
transform = Transform3D(0.45016, -0.33992, 0.825718, 0.871878, 0.367011, -0.324239, -0.192833, 0.865885, 0.461582, -0.109061, 1.4245, -0.258088)
joint_type = 2
joint_offset = Transform3D(0.999999, -2.98023e-08, 0, 2.98023e-08, 0.999999, 4.88498e-15, -1.45584e-22, -4.88499e-15, 0.999998, -0.120408, 0.206243, 0.0752621)
joint_rotation = Vector3(-4.88499e-15, 0, 2.98023e-08)
body_offset = Transform3D(-0.417977, -0.12199, -0.977907, -0.982907, 0.128404, 0.404097, 0.071251, 1.05571, -0.162148, 0.0484313, -0.175245, -0.19695)
mass = 5.0
bone_name = "upper_arm.L"
joint_constraints/swing_span = 60.0
joint_constraints/twist_span = 0.0
joint_constraints/bias = 0.3
joint_constraints/softness = 0.8
joint_constraints/relaxation = 1.0

[node name="CollisionShape3D" type="CollisionShape3D" parent="metarig/Skeleton3D/Physical Bone upper_arm_L" index="0"]
transform = Transform3D(1, 0, 0, 0, 0, 1, 0, -1, 0, 0, 0, 0)
shape = SubResource("CapsuleShape3D_j113q")

[node name="Physical Bone forearm_L" type="PhysicalBone3D" parent="metarig/Skeleton3D" index="9"]
transform = Transform3D(-0.0362058, -0.000944139, 0.999344, 0.979539, -0.198133, 0.0353011, 0.197969, 0.980175, 0.00809837, -0.488094, 1.3889, 0.276377)
joint_type = 3
joint_offset = Transform3D(-3.61999e-06, 0, 1, 0, 0.999999, 0, -0.999999, 0, -3.61999e-06, -0.27335, -0.138687, 0.27258)
joint_rotation = Vector3(0, 1.5708, 0)
body_offset = Transform3D(0.0575424, -0.271753, -1.03379, -1.05218, -0.19686, -0.00681799, -0.188385, 1.01651, -0.277694, 0.259832, -0.313058, 0.165175)
mass = 5.0
bone_name = "forearm.L"
joint_constraints/angular_limit_enabled = true
joint_constraints/angular_limit_upper = 90.0
joint_constraints/angular_limit_lower = -90.0
joint_constraints/angular_limit_bias = 0.3
joint_constraints/angular_limit_softness = 0.9
joint_constraints/angular_limit_relaxation = 1.0

[node name="CollisionShape3D" type="CollisionShape3D" parent="metarig/Skeleton3D/Physical Bone forearm_L" index="0"]
transform = Transform3D(1, 0, 0, 0, 0, 1, 0, -1, 0, 0, 0, 0)
shape = SubResource("CapsuleShape3D_ka3jt")

[node name="Physical Bone shoulder_R" type="PhysicalBone3D" parent="metarig/Skeleton3D" index="10"]
transform = Transform3D(-0.978253, 0.206002, 0.0241603, 0.0929035, 0.331045, 0.93903, 0.185444, 0.920854, -0.342984, 0.00301655, 1.30555, -0.197402)
joint_type = 3
joint_offset = Transform3D(1, 0, 0, 0, 1, 0, 0, 0, 1, 0.0220334, 0.17884, 0.0792199)
body_offset = Transform3D(-0.648276, -0.834943, 0.168809, -0.785345, 0.503655, -0.524836, 0.329938, -0.441689, -0.917572, 0.150232, -0.0311925, 0.144412)
bone_name = "shoulder.R"
joint_constraints/angular_limit_enabled = true
joint_constraints/angular_limit_upper = 90.0
joint_constraints/angular_limit_lower = -90.0
joint_constraints/angular_limit_bias = 0.3
joint_constraints/angular_limit_softness = 0.9
joint_constraints/angular_limit_relaxation = 1.0

[node name="CollisionShape3D" type="CollisionShape3D" parent="metarig/Skeleton3D/Physical Bone shoulder_R" index="0"]
transform = Transform3D(1, 0, 0, 0, 0, 1, 0, -1, 0, 0, 0, 0)
shape = SubResource("CapsuleShape3D_47rdv")

[node name="Physical Bone upper_arm_R" type="PhysicalBone3D" parent="metarig/Skeleton3D" index="11"]
transform = Transform3D(0.467609, -0.13633, -0.873359, -0.883927, -0.0763607, -0.461348, -0.00379459, 0.987716, -0.156213, 0.159242, 1.4697, -0.139947)
joint_type = 2
joint_offset = Transform3D(0.999999, 0, 0, 0, 1, 0, 0, 0, 0.999999, 0.0949969, 0.139082, 0.0121096)
body_offset = Transform3D(-0.400749, 0.522647, 0.843878, 0.991118, 0.160683, 0.371153, 0.0545421, 0.920277, -0.544062, -0.04484, -0.120996, -0.126587)
mass = 5.0
bone_name = "upper_arm.R"
joint_constraints/swing_span = 60.0
joint_constraints/twist_span = 0.0
joint_constraints/bias = 0.3
joint_constraints/softness = 0.8
joint_constraints/relaxation = 1.0

[node name="CollisionShape3D" type="CollisionShape3D" parent="metarig/Skeleton3D/Physical Bone upper_arm_R" index="0"]
transform = Transform3D(1, 0, 0, 0, 0, 1, 0, -1, 0, 0, 0, 0)
shape = SubResource("CapsuleShape3D_ie438")

[node name="Physical Bone forearm_R" type="PhysicalBone3D" parent="metarig/Skeleton3D" index="12"]
transform = Transform3D(0.00953078, -0.459186, -0.888289, -0.999944, -0.00851174, -0.00632876, -0.00465481, 0.888299, -0.459241, 0.30833, 1.35659, 0.30732)
joint_type = 3
joint_offset = Transform3D(-3.61999e-06, 0, 1, 0, 0.999999, 0, -0.999999, 0, -3.61999e-06, 0.226765, -0.206445, 0.230374)
joint_rotation = Vector3(0, 1.5708, 0)
body_offset = Transform3D(0.0934051, 0.64724, 0.847494, 1.04941, -0.206948, 0.042388, 0.189471, 0.827129, -0.65257, -0.0828018, -0.290458, 0.278126)
mass = 5.0
bone_name = "forearm.R"
joint_constraints/angular_limit_enabled = true
joint_constraints/angular_limit_upper = 90.0
joint_constraints/angular_limit_lower = -90.0
joint_constraints/angular_limit_bias = 0.3
joint_constraints/angular_limit_softness = 0.9
joint_constraints/angular_limit_relaxation = 1.0

[node name="CollisionShape3D" type="CollisionShape3D" parent="metarig/Skeleton3D/Physical Bone forearm_R" index="0"]
transform = Transform3D(1, 0, 0, 0, 0, 1, 0, -1, 0, 0, 0, 0)
shape = SubResource("CapsuleShape3D_a0l17")

[node name="Physical Bone thigh_L" type="PhysicalBone3D" parent="metarig/Skeleton3D" index="13"]
transform = Transform3D(0.999877, -0.000165145, -0.0156592, 0.0104698, 0.750664, 0.660602, 0.0116457, -0.660685, 0.750573, -0.0672538, 0.720012, -0.269081)
joint_type = 2
joint_offset = Transform3D(1, 0, 0, 0, 1, 0, 0, 0, 1, -0.0221728, -0.0261775, 0.362731)
body_offset = Transform3D(0.999934, 0.0106508, -0.00436313, 0.00411342, -0.684729, -0.728786, -0.0107497, 0.728718, -0.684726, 0.0240328, 0.24652, 0.267209)
mass = 30.0
bone_name = "thigh.L"
joint_constraints/swing_span = 75.0
joint_constraints/twist_span = 1.0
joint_constraints/bias = 0.3
joint_constraints/softness = 0.8
joint_constraints/relaxation = 1.0

[node name="CollisionShape3D" type="CollisionShape3D" parent="metarig/Skeleton3D/Physical Bone thigh_L" index="0"]
transform = Transform3D(1, 0, 0, 0, 0, 1, 0, -1, 0, 0, 0, 0)
shape = SubResource("CapsuleShape3D_y7xe2")

[node name="Physical Bone shin_L" type="PhysicalBone3D" parent="metarig/Skeleton3D" index="14"]
transform = Transform3D(1, -0.000440316, 5.68882e-05, -5.28203e-05, 0.00923311, 0.999957, -0.000440823, -0.999957, 0.00923309, -0.0642551, 0.37714, -0.446464)
joint_type = 3
joint_offset = Transform3D(-3.61999e-06, 0, 1, 0, 1, 0, -1, 0, -3.61999e-06, -0.023849, -0.422211, 0.109006)
joint_rotation = Vector3(0, 1.5708, 0)
body_offset = Transform3D(1, -0.000431712, 5.75211e-05, 1.06114e-05, -0.107857, -0.994166, 0.000435395, 0.994164, -0.107858, 0.0236605, 0.0628321, 0.431514)
mass = 5.0
bone_name = "shin.L"
joint_constraints/angular_limit_enabled = true
joint_constraints/angular_limit_upper = 39.99
joint_constraints/angular_limit_lower = -138.7
joint_constraints/angular_limit_bias = 0.3
joint_constraints/angular_limit_softness = 0.9
joint_constraints/angular_limit_relaxation = 1.0

[node name="CollisionShape3D" type="CollisionShape3D" parent="metarig/Skeleton3D/Physical Bone shin_L" index="0"]
transform = Transform3D(1, 0, 0, 0, 0, 1, 0, -1, 0, 0, 0, 0)
shape = SubResource("CapsuleShape3D_olxe2")

[node name="Physical Bone foot_L" type="PhysicalBone3D" parent="metarig/Skeleton3D" index="15"]
transform = Transform3D(1, -8.35146e-07, -4.17517e-06, 2.5953e-06, 0.896918, 0.442197, 3.37548e-06, -0.442197, 0.896918, -0.0640132, 0.14938, -0.506984)
joint_type = 3
joint_offset = Transform3D(-3.61999e-06, 0, 1, 0, 1, 0, -1, 0, -3.61999e-06, -0.0238966, -0.296804, 0.437821)
joint_rotation = Vector3(0, 1.5708, 0)
body_offset = Transform3D(1, 2.99844e-06, -1.12695e-05, -1.09172e-05, -0.100428, -0.994943, -4.10557e-06, 0.994944, -0.100425, 0.0239025, 0.405799, 0.339271)
bone_name = "foot.L"
joint_constraints/angular_limit_enabled = true
joint_constraints/angular_limit_upper = 50.0
joint_constraints/angular_limit_lower = -55.22
joint_constraints/angular_limit_bias = 0.3
joint_constraints/angular_limit_softness = 0.9
joint_constraints/angular_limit_relaxation = 1.0

[node name="CollisionShape3D" type="CollisionShape3D" parent="metarig/Skeleton3D/Physical Bone foot_L" index="0"]
transform = Transform3D(1, 0, 0, 0, 0, 1, 0, -1, 0, 0, 0, 0)
shape = SubResource("CapsuleShape3D_lctsx")

[node name="Physical Bone thigh_R" type="PhysicalBone3D" parent="metarig/Skeleton3D" index="16"]
transform = Transform3D(0.999878, 0.000200118, 0.0156119, -0.0156115, 0.0275262, 0.999499, -0.000229718, -0.999621, 0.027526, -0.0558724, 0.630156, 0.0976486)
joint_type = 2
joint_offset = Transform3D(1, 0, 0, 0, 1, 0, 0, 0, 1, 0.146138, 0.0859597, 0.309664)
body_offset = Transform3D(1, 0.00116386, 2.68591e-06, -7.92944e-05, 0.0704346, -0.997517, -0.00116116, 0.997515, 0.0704346, -0.146239, 0.302852, -0.107387)
mass = 30.0
bone_name = "thigh.R"
joint_constraints/swing_span = 75.0
joint_constraints/twist_span = 1.0
joint_constraints/bias = 0.3
joint_constraints/softness = 0.8
joint_constraints/relaxation = 1.0

[node name="CollisionShape3D" type="CollisionShape3D" parent="metarig/Skeleton3D/Physical Bone thigh_R" index="0"]
transform = Transform3D(1, 0, 0, 0, 0, 1, 0, -1, 0, 0, 0, 0)
shape = SubResource("CapsuleShape3D_jtgl3")

[node name="Physical Bone shin_R" type="PhysicalBone3D" parent="metarig/Skeleton3D" index="17"]
transform = Transform3D(1, -0.000810581, 0.000142423, -0.000714382, -0.769002, 0.639246, -0.000408637, -0.639246, -0.769002, -0.0538538, 0.280313, 0.246361)
joint_type = 3
joint_offset = Transform3D(-3.61999e-06, 0, 1, 0, 1, 0, -1, 0, -3.61999e-06, 0.141732, 0.0178057, 0.337698)
joint_rotation = Vector3(0, 1.5708, 0)
body_offset = Transform3D(1, -0.000810284, 0.000142783, 0.000669931, 0.701132, -0.713031, 0.000477648, 0.71303, 0.701132, -0.141766, 0.22821, -0.249534)
mass = 5.0
bone_name = "shin.R"
joint_constraints/angular_limit_enabled = true
joint_constraints/angular_limit_upper = 39.99
joint_constraints/angular_limit_lower = -138.7
joint_constraints/angular_limit_bias = 0.3
joint_constraints/angular_limit_softness = 0.9
joint_constraints/angular_limit_relaxation = 1.0

[node name="CollisionShape3D" type="CollisionShape3D" parent="metarig/Skeleton3D/Physical Bone shin_R" index="0"]
transform = Transform3D(1, 0, 0, 0, 0, 1, 0, -1, 0, 0, 0, 0)
shape = SubResource("CapsuleShape3D_nyirh")

[node name="Physical Bone foot_R" type="PhysicalBone3D" parent="metarig/Skeleton3D" index="18"]
transform = Transform3D(0.999998, -0.00186982, 0.00111006, -0.000688856, 0.211797, 0.977313, -0.00206251, -0.977312, 0.211795, -0.062897, 0.102165, 0.395)
joint_type = 3
joint_offset = Transform3D(-3.61999e-06, -2.98023e-08, 1, -3.55271e-15, 1, 2.98023e-08, -1, 1.04331e-13, -3.61999e-06, 0.151608, 0.364758, -0.104711)
joint_rotation = Vector3(-2.98023e-08, 1.5708, -3.55271e-15)
body_offset = Transform3D(0.999998, -0.00186993, 0.00110962, 0.00211262, 0.714801, -0.699323, 0.000514522, 0.699323, 0.714805, -0.150809, -0.334276, -0.180314)
bone_name = "foot.R"
joint_constraints/angular_limit_enabled = true
joint_constraints/angular_limit_upper = 50.0
joint_constraints/angular_limit_lower = -55.22
joint_constraints/angular_limit_bias = 0.3
joint_constraints/angular_limit_softness = 0.9
joint_constraints/angular_limit_relaxation = 1.0

[node name="CollisionShape3D" type="CollisionShape3D" parent="metarig/Skeleton3D/Physical Bone foot_R" index="0"]
transform = Transform3D(1, 0, 0, 0, 0, 1, 0, -1, 0, 0, 0, 0)
shape = SubResource("CapsuleShape3D_d5wye")

[node name="human_female" parent="metarig/Skeleton3D" index="19" groups=["body"]]

[node name="CollisionShape3D" type="CollisionShape3D" parent="." index="2"]
transform = Transform3D(1, 0, 0, 0, 1, 0, 0, 0, 1, 0, 0.912438, 0)
shape = SubResource("CapsuleShape3D_yt1gq")

[node name="AnimationTree" type="AnimationTree" parent="." index="3"]
tree_root = SubResource("AnimationNodeBlendTree_uj8ym")
anim_player = NodePath("../AnimationPlayer")
parameters/CombatWalkBlend/blend_amount = 0.0
parameters/Malee1hAttack/current_state = "POST_SPAWN"
parameters/Malee1hAttack/transition_request = "PRE_SPAWN"
parameters/Malee1hAttack/current_index = 1
parameters/OneShot/active = false
parameters/OneShot/internal_active = false
parameters/OneShot/request = 0
parameters/OneShotState/current_state = "READY_WEAPON_POST"
parameters/OneShotState/transition_request = ""
parameters/OneShotState/current_index = 3
parameters/ReadyWeaponFw/current_state = "POST_ATTACH"
parameters/ReadyWeaponFw/transition_request = "PRE_ATTACH"
parameters/ReadyWeaponFw/current_index = 1
parameters/RunBlend/blend_amount = 0
parameters/State/current_state = "IDLE"
parameters/State/transition_request = ""
parameters/State/current_index = 0
