[gd_scene load_steps=29 format=3 uid="uid://dxkciqlfb31td"]

[ext_resource type="PackedScene" uid="uid://ccqv6vbrh71jr" path="res://models/human_female.glb" id="1_5etnq"]
[ext_resource type="Script" uid="uid://lvhaelpdejpj" path="res://lib/character_scene.gd" id="2_onmyu"]
[ext_resource type="AnimationLibrary" uid="uid://fs2ykwolevfy" path="res://models/characters/humanoid/humanoid_animations.tres" id="3_spnwm"]

[sub_resource type="CapsuleShape3D" id="CapsuleShape3D_spnwm"]
radius = 0.185948
height = 0.551579

[sub_resource type="CapsuleShape3D" id="CapsuleShape3D_rcpg0"]
radius = 0.163248
height = 0.326496

[sub_resource type="CapsuleShape3D" id="CapsuleShape3D_jyv0f"]
radius = 0.0258881
height = 0.258881

[sub_resource type="CapsuleShape3D" id="CapsuleShape3D_6dabe"]
radius = 0.0256056
height = 0.256056

[sub_resource type="CapsuleShape3D" id="CapsuleShape3D_5ndae"]
radius = 0.0258881
height = 0.258881

[sub_resource type="CapsuleShape3D" id="CapsuleShape3D_4lvpb"]
radius = 0.0256056
height = 0.256056

[sub_resource type="CapsuleShape3D" id="CapsuleShape3D_155w1"]
radius = 0.0459622
height = 0.459622

[sub_resource type="CapsuleShape3D" id="CapsuleShape3D_htdfc"]
radius = 0.0407458
height = 0.29876

[sub_resource type="CapsuleShape3D" id="CapsuleShape3D_gm04t"]
radius = 0.0459622
height = 0.459622

[sub_resource type="CapsuleShape3D" id="CapsuleShape3D_diewo"]
radius = 0.0407458
height = 0.324124

[sub_resource type="CapsuleShape3D" id="CapsuleShape3D_yt1gq"]
radius = 0.21205
height = 1.76024

[sub_resource type="AnimationNodeAnimation" id="AnimationNodeAnimation_ghnjs"]
animation = &"humanoid_animations/combat_melee_1h_attack"

[sub_resource type="AnimationNodeBlend2" id="AnimationNodeBlend2_ghnjs"]
filter_enabled = true
filters = ["metarig/Skeleton3D:foot.L", "metarig/Skeleton3D:foot.R", "metarig/Skeleton3D:pelvis.L", "metarig/Skeleton3D:pelvis.R", "metarig/Skeleton3D:shin.L", "metarig/Skeleton3D:shin.R", "metarig/Skeleton3D:spine", "metarig/Skeleton3D:spine.001", "metarig/Skeleton3D:thigh.L", "metarig/Skeleton3D:thigh.R", "metarig/Skeleton3D:toe.L", "metarig/Skeleton3D:toe.R"]

[sub_resource type="AnimationNodeAnimation" id="AnimationNodeAnimation_spnwm"]
animation = &"humanoid_animations/idle"
use_custom_timeline = true
timeline_length = 25.5833
stretch_time_scale = false
start_offset = 0.0
loop_mode = 1

[sub_resource type="AnimationNodeAnimation" id="AnimationNodeAnimation_onmyu"]
animation = &"humanoid_animations/idle_combat"
use_custom_timeline = true
timeline_length = 1.66667
stretch_time_scale = false
start_offset = 0.0
loop_mode = 1

[sub_resource type="AnimationNodeOneShot" id="AnimationNodeOneShot_spnwm"]
filter_enabled = true
filters = [".", "metarig/Skeleton3D:breast.L", "metarig/Skeleton3D:breast.R", "metarig/Skeleton3D:forearm.L", "metarig/Skeleton3D:forearm.R", "metarig/Skeleton3D:hand.L", "metarig/Skeleton3D:hand.R", "metarig/Skeleton3D:shoulder.L", "metarig/Skeleton3D:shoulder.R", "metarig/Skeleton3D:spine.002", "metarig/Skeleton3D:spine.003", "metarig/Skeleton3D:spine.004", "metarig/Skeleton3D:spine.005", "metarig/Skeleton3D:spine.006", "metarig/Skeleton3D:upper_arm.L", "metarig/Skeleton3D:upper_arm.R"]
fadein_time = 0.3
fadeout_time = 0.3

[sub_resource type="AnimationNodeTransition" id="AnimationNodeTransition_rcpg0"]
input_0/name = "MELEE_1H_ATTACK"
input_0/auto_advance = false
input_0/break_loop_at_end = true
input_0/reset = true
input_1/name = "READY_WEAPON"
input_1/auto_advance = false
input_1/break_loop_at_end = true
input_1/reset = true

[sub_resource type="AnimationNodeAnimation" id="AnimationNodeAnimation_rcpg0"]
animation = &"humanoid_animations/run"
use_custom_timeline = true
timeline_length = 1.04167
stretch_time_scale = false
start_offset = 0.0
loop_mode = 1

[sub_resource type="AnimationNodeBlend2" id="AnimationNodeBlend2_spnwm"]
filters = ["metarig/Skeleton3D:breast.L", "metarig/Skeleton3D:breast.R", "metarig/Skeleton3D:forearm.L", "metarig/Skeleton3D:forearm.R", "metarig/Skeleton3D:hand.L", "metarig/Skeleton3D:hand.R", "metarig/Skeleton3D:shoulder.L", "metarig/Skeleton3D:shoulder.R", "metarig/Skeleton3D:spine.002", "metarig/Skeleton3D:spine.003", "metarig/Skeleton3D:spine.004", "metarig/Skeleton3D:spine.005", "metarig/Skeleton3D:spine.006", "metarig/Skeleton3D:upper_arm.L", "metarig/Skeleton3D:upper_arm.R"]

[sub_resource type="AnimationNodeTransition" id="AnimationNodeTransition_onmyu"]
xfade_time = 0.25
input_0/name = "IDLE"
input_0/auto_advance = false
input_0/break_loop_at_end = false
input_0/reset = true
input_1/name = "COMBAT"
input_1/auto_advance = false
input_1/break_loop_at_end = false
input_1/reset = true

[sub_resource type="AnimationNodeAnimation" id="AnimationNodeAnimation_7dijq"]
animation = &"humanoid_animations/walk_combat"
use_custom_timeline = true
timeline_length = 1.25
stretch_time_scale = false
start_offset = 0.0
loop_mode = 1

[sub_resource type="AnimationNodeAnimation" id="AnimationNodeAnimation_tm55r"]
animation = &"humanoid_animations/ready_weapon"

[sub_resource type="AnimationNodeBlendTree" id="AnimationNodeBlendTree_uj8ym"]
graph_offset = Vector2(-1114.27, 373.361)
nodes/Animation/node = SubResource("AnimationNodeAnimation_ghnjs")
nodes/Animation/position = Vector2(-900, 700)
nodes/CombatWalkBlend/node = SubResource("AnimationNodeBlend2_ghnjs")
nodes/CombatWalkBlend/position = Vector2(-620, 380)
nodes/Idle/node = SubResource("AnimationNodeAnimation_spnwm")
nodes/Idle/position = Vector2(-620, -140)
nodes/IdleCombat/node = SubResource("AnimationNodeAnimation_onmyu")
nodes/IdleCombat/position = Vector2(-960, 340)
nodes/OneShot/node = SubResource("AnimationNodeOneShot_spnwm")
nodes/OneShot/position = Vector2(280, 320)
nodes/OneShotState/node = SubResource("AnimationNodeTransition_rcpg0")
nodes/OneShotState/position = Vector2(-100, 580)
nodes/Run/node = SubResource("AnimationNodeAnimation_rcpg0")
nodes/Run/position = Vector2(-520, 40)
nodes/RunBlend/node = SubResource("AnimationNodeBlend2_spnwm")
nodes/RunBlend/position = Vector2(-200, -160)
nodes/State/node = SubResource("AnimationNodeTransition_onmyu")
nodes/State/position = Vector2(60, 120)
nodes/WalkCombat/node = SubResource("AnimationNodeAnimation_7dijq")
nodes/WalkCombat/position = Vector2(-960, 480)
nodes/output/position = Vector2(620, 300)
nodes/ready_weapon/node = SubResource("AnimationNodeAnimation_tm55r")
nodes/ready_weapon/position = Vector2(-820, 900)
node_connections = [&"CombatWalkBlend", 0, &"IdleCombat", &"CombatWalkBlend", 1, &"WalkCombat", &"OneShot", 0, &"State", &"OneShot", 1, &"OneShotState", &"OneShotState", 0, &"Animation", &"OneShotState", 1, &"ready_weapon", &"RunBlend", 0, &"Idle", &"RunBlend", 1, &"Run", &"State", 0, &"RunBlend", &"State", 1, &"CombatWalkBlend", &"output", 0, &"OneShot"]

[sub_resource type="Animation" id="Animation_spnwm"]
length = 0.001

[sub_resource type="AnimationLibrary" id="AnimationLibrary_rcpg0"]
_data = {
&"RESET": SubResource("Animation_spnwm")
}

[node name="HumanFemale" node_paths=PackedStringArray("body", "eyes", "animation_tree", "collision_shape", "skeleton", "simulator") instance=ExtResource("1_5etnq")]
script = ExtResource("2_onmyu")
body = NodePath("metarig/Skeleton3D/human_female")
eyes = NodePath("metarig/Skeleton3D/eyes")
animation_tree = NodePath("AnimationTree")
collision_shape = NodePath("CollisionShape3D")
skeleton = NodePath("metarig/Skeleton3D")
simulator = NodePath("metarig/Skeleton3D/PhysicalBoneSimulator3D")

[node name="Skeleton3D" parent="metarig" index="0"]
bones/0/position = Vector3(-0.00232422, 0.842822, 0.0523273)
bones/1/rotation = Quaternion(-0.06159, -0.32136, -0.0357829, 0.944275)
bones/2/rotation = Quaternion(-0.0116517, 0.222957, 0.0741618, 0.971933)
bones/3/rotation = Quaternion(0.022468, 0.232255, 0.0266956, 0.972029)
bones/4/rotation = Quaternion(-0.250226, 0.167692, 0.040551, 0.952692)
bones/5/rotation = Quaternion(0.114635, -1.32227e-07, -2.60162e-08, 0.993408)
bones/6/rotation = Quaternion(0.078526, -0.0494617, -0.016757, 0.995543)
bones/7/position = Vector3(-0.0162363, 0.123104, -0.0726198)
bones/7/rotation = Quaternion(0.654899, -0.228749, 0.508161, 0.510445)
bones/7/scale = Vector3(0.934176, 0.934176, 0.934177)
bones/8/position = Vector3(-0.0362537, 0.186256, 0.00135033)
bones/8/rotation = Quaternion(0.0820156, 0.565219, 0.424851, 0.702355)
bones/9/rotation = Quaternion(-0.248898, -0.0286123, 0.0233319, 0.967826)
bones/10/rotation = Quaternion(-0.0475712, 0.0505304, 0.142052, 0.987423)
bones/11/position = Vector3(0.0162363, 0.123087, -0.0677719)
bones/11/rotation = Quaternion(0.689222, 0.197859, -0.447723, 0.5342)
bones/11/scale = Vector3(0.934176, 0.934176, 0.934176)
bones/12/position = Vector3(0.0362528, 0.186256, 0.00137294)
bones/12/rotation = Quaternion(-0.289125, -0.527656, -0.741701, 0.296422)
bones/13/rotation = Quaternion(-0.178444, 0.445634, -0.233372, 0.845639)
bones/14/rotation = Quaternion(0.110086, 0.576038, 0.0563509, 0.808013)
bones/15/position = Vector3(-0.106212, -0.00437844, 0.0383556)
bones/15/scale = Vector3(1.0131, 1.0131, 1.0131)
bones/16/position = Vector3(0.106212, -0.00437837, 0.0383555)
bones/16/scale = Vector3(1.08372, 1.08372, 1.08372)
bones/17/rotation = Quaternion(0.186522, -0.77512, 0.325527, 0.50836)
bones/18/rotation = Quaternion(0.186522, 0.77512, -0.325528, 0.50836)
bones/19/rotation = Quaternion(0.919747, 0.00721913, 0.00300512, -0.392433)
bones/20/rotation = Quaternion(-0.242056, 0.14143, -0.0264326, 0.959535)
bones/21/rotation = Quaternion(0.432683, -0.113757, 0.0556515, 0.892607)
bones/22/rotation = Quaternion(0.194938, 0.679705, 0.194937, 0.679706)
bones/24/rotation = Quaternion(0.975943, 0.000393853, 0.169905, -0.136628)
bones/25/rotation = Quaternion(-0.293489, 0.00222869, -0.00749547, 0.95593)
bones/26/rotation = Quaternion(0.66288, 0.300042, -0.0316346, 0.685247)
bones/27/rotation = Quaternion(0.198852, 0.681726, 0.201135, 0.674724)

[node name="human_female" parent="metarig/Skeleton3D" index="1" groups=["body"]]

[node name="PhysicalBoneSimulator3D" type="PhysicalBoneSimulator3D" parent="metarig/Skeleton3D" index="2"]

[node name="Physical Bone spine_001" type="PhysicalBone3D" parent="metarig/Skeleton3D/PhysicalBoneSimulator3D" index="0" groups=["leg_bone"]]
transform = Transform3D(1, 4.76247e-07, 2.83559e-07, 1.55696e-07, 0.24963, -0.968341, -5.31954e-07, 0.968341, 0.24963, -0.00233521, 1.05969, 0.016338)
collision_layer = 0
collision_mask = 0
joint_type = 3
joint_offset = Transform3D(1, 0, 0, 0, 1, 0, 0, 0, 1, 1.09437e-05, -0.0192875, 0.218989)
body_offset = Transform3D(1, 4.47037e-07, 2.45865e-07, 2.45869e-07, -9.81987e-06, -1, -4.47035e-07, 1, -9.81987e-06, -1.09889e-05, 0.218989, 0.0192897)
mass = 30.0
bone_name = "spine"
joint_constraints/angular_limit_enabled = false
joint_constraints/angular_limit_upper = 90.0
joint_constraints/angular_limit_lower = -90.0
joint_constraints/angular_limit_bias = 0.3
joint_constraints/angular_limit_softness = 0.9
joint_constraints/angular_limit_relaxation = 1.0

[node name="CollisionShape3D" type="CollisionShape3D" parent="metarig/Skeleton3D/PhysicalBoneSimulator3D/Physical Bone spine_001" index="0"]
transform = Transform3D(1, -1.08167e-07, -5.34449e-08, 7.78392e-08, 0.239957, 0.970783, -9.21822e-08, -0.970783, 0.239957, 1.79236e-08, 0.00413221, -0.0739031)
shape = SubResource("CapsuleShape3D_spnwm")

[node name="Physical Bone spine_004" type="PhysicalBone3D" parent="metarig/Skeleton3D/PhysicalBoneSimulator3D" index="1"]
transform = Transform3D(0.81145, 0.474406, 0.341303, -0.170144, 0.750471, -0.638626, -0.559107, 0.460143, 0.689687, -0.0143952, 1.4099, -0.172487)
collision_layer = 0
collision_mask = 0
joint_type = 3
joint_offset = Transform3D(1, 0, 0, 0, 1, 0, 0, 0, 1, -1.70718e-06, -3.65273e-05, 0.0300929)
body_offset = Transform3D(1, -4.03523e-05, 1.40965e-05, 1.41859e-05, 0.000306755, -1, 4.02927e-05, 1, 0.000306666, 1.2815e-06, 0.030093, 2.72989e-05)
mass = 15.0
bone_name = "spine.004"
joint_constraints/angular_limit_enabled = false
joint_constraints/angular_limit_upper = 90.0
joint_constraints/angular_limit_lower = -90.0
joint_constraints/angular_limit_bias = 0.3
joint_constraints/angular_limit_softness = 0.9
joint_constraints/angular_limit_relaxation = 1.0

[node name="CollisionShape3D" type="CollisionShape3D" parent="metarig/Skeleton3D/PhysicalBoneSimulator3D/Physical Bone spine_004" index="0"]
transform = Transform3D(0.999733, -0.0222078, -0.00639255, 0.014331, 0.378767, 0.925381, -0.0181294, -0.925226, 0.378984, 0.00130201, -0.00606418, -0.116449)
shape = SubResource("CapsuleShape3D_rcpg0")

[node name="Physical Bone upper_arm_L" type="PhysicalBone3D" parent="metarig/Skeleton3D/PhysicalBoneSimulator3D" index="2"]
transform = Transform3D(-0.795763, 0.446746, 0.408876, 0.501962, 0.108832, 0.858015, 0.338816, 0.888017, -0.310854, -0.216526, 1.16884, -0.0450044)
collision_layer = 0
collision_mask = 0
joint_type = 1
joint_offset = Transform3D(1, 0, 0, 0, 1, 0, 0, 0, 1, 1.17243e-05, 2.81308e-05, 0.121214)
body_offset = Transform3D(1.07046, -6.84261e-05, 2.53096e-05, 2.5399e-05, -0.000221789, -1.07046, 6.86646e-05, 1.07046, -0.000221819, -1.56164e-05, 0.129755, -3.2261e-06)
mass = 2.0
bone_name = "upper_arm.L"
joint_constraints/bias = 0.3
joint_constraints/damping = 1.0
joint_constraints/impulse_clamp = 0.0

[node name="CollisionShape3D" type="CollisionShape3D" parent="metarig/Skeleton3D/PhysicalBoneSimulator3D/Physical Bone upper_arm_L" index="0"]
transform = Transform3D(1, -2.32831e-09, -7.45058e-09, 0, 3.72529e-09, 1, 1.39698e-09, -1, 0, -0.00141561, 0.000710666, 0.0146957)
shape = SubResource("CapsuleShape3D_jyv0f")

[node name="Physical Bone forearm_L" type="PhysicalBone3D" parent="metarig/Skeleton3D/PhysicalBoneSimulator3D" index="3"]
transform = Transform3D(-0.798372, 0.247157, 0.549105, 0.454503, -0.35084, 0.818742, 0.395005, 0.90323, 0.167768, -0.331593, 0.967223, -0.0275494)
collision_layer = 0
collision_mask = 0
joint_type = 1
joint_offset = Transform3D(1, 0, 0, 0, 1, 0, 0, 0, 1, 4.00851e-05, -9.31861e-05, 0.11979)
body_offset = Transform3D(1.07046, 0.000189781, -6.34938e-05, -6.34491e-05, 0.00012745, -1.07046, -0.000189632, 1.07046, 0.000127226, -3.52859e-05, 0.12823, 8.45194e-05)
bone_name = "forearm.L"
joint_constraints/bias = 0.3
joint_constraints/damping = 1.0
joint_constraints/impulse_clamp = 0.0

[node name="CollisionShape3D" type="CollisionShape3D" parent="metarig/Skeleton3D/PhysicalBoneSimulator3D/Physical Bone forearm_L" index="0"]
transform = Transform3D(1, 0, 0, 0, 0, 1, 0, -1, 0, 0, 0, 0)
shape = SubResource("CapsuleShape3D_6dabe")

[node name="Physical Bone upper_arm_R" type="PhysicalBone3D" parent="metarig/Skeleton3D/PhysicalBoneSimulator3D" index="4"]
transform = Transform3D(-0.55886, 0.797475, 0.227397, -0.261184, -0.429531, 0.864457, 0.787057, 0.423718, 0.448335, 0.135136, 1.16985, -0.207241)
collision_layer = 0
collision_mask = 0
joint_type = 1
joint_offset = Transform3D(1, 0, 0, 0, 1, 0, 0, 0, 1, 0.00120791, -0.000105493, 0.121741)
body_offset = Transform3D(1.07046, 0.000347108, 3.58522e-05, 3.59416e-05, -0.000206128, -1.07046, -0.000346929, 1.07046, -0.000206307, -0.00129735, 0.130319, 0.000138462)
mass = 2.0
bone_name = "upper_arm.R"
joint_constraints/bias = 0.3
joint_constraints/damping = 1.0
joint_constraints/impulse_clamp = 0.0

[node name="CollisionShape3D" type="CollisionShape3D" parent="metarig/Skeleton3D/PhysicalBoneSimulator3D/Physical Bone upper_arm_R" index="0"]
transform = Transform3D(1, 4.65661e-09, 0, -7.45058e-09, 0, 1, 2.32831e-09, -1, 0, 0.00105214, 0.000528157, 0.0109214)
shape = SubResource("CapsuleShape3D_5ndae")

[node name="Physical Bone forearm_R" type="PhysicalBone3D" parent="metarig/Skeleton3D/PhysicalBoneSimulator3D" index="5"]
transform = Transform3D(-0.684575, -0.0588751, 0.726561, 0.637499, -0.5317, 0.557575, 0.353486, 0.844884, 0.401522, 0.0200477, 0.998979, -0.308244)
collision_layer = 0
collision_mask = 0
joint_type = 1
joint_offset = Transform3D(1, 0, 0, 0, 1, 0, 0, 0, 1, 2.77343e-05, -4.01951e-05, 0.119734)
body_offset = Transform3D(1.07046, -0.000265658, -5.1409e-05, -5.14835e-05, 0.00027886, -1.07046, 0.000265807, 1.07046, 0.000278652, -2.35438e-05, 0.12817, 9.65595e-06)
bone_name = "forearm.R"
joint_constraints/bias = 0.3
joint_constraints/damping = 1.0
joint_constraints/impulse_clamp = 0.0

[node name="CollisionShape3D" type="CollisionShape3D" parent="metarig/Skeleton3D/PhysicalBoneSimulator3D/Physical Bone forearm_R" index="0"]
transform = Transform3D(1, 0, 0, 0, 0, 1, 0, -1, 0, 0, 0, 0)
shape = SubResource("CapsuleShape3D_4lvpb")

[node name="Physical Bone thigh_L" type="PhysicalBone3D" parent="metarig/Skeleton3D/PhysicalBoneSimulator3D" index="6" groups=["leg_bone"]]
transform = Transform3D(0.999878, -0.000138996, -0.0156306, 0.0133633, 0.526362, 0.850156, 0.0081092, -0.850261, 0.5263, -0.0974239, 0.87631, 0.0203742)
collision_layer = 0
collision_mask = 0
joint_type = 2
joint_offset = Transform3D(1, -1.16415e-10, -1.01863e-10, 1.16415e-10, 1, 7.45058e-09, 1.01863e-10, -7.45058e-09, 1, 0, 0, 0)
joint_rotation = Vector3(-7.45058e-09, -1.01863e-10, 1.16415e-10)
body_offset = Transform3D(1, -4.56348e-08, 7.54371e-06, 7.54232e-06, -4.83394e-05, -1, 4.65661e-08, 0.999997, -4.84586e-05, 0, 0, 0)
mass = 10.0
bone_name = "thigh.L"
joint_constraints/swing_span = 83.15
joint_constraints/twist_span = 0.0
joint_constraints/bias = 0.3
joint_constraints/softness = 0.8
joint_constraints/relaxation = 1.0

[node name="CollisionShape3D" type="CollisionShape3D" parent="metarig/Skeleton3D/PhysicalBoneSimulator3D/Physical Bone thigh_L" index="0"]
transform = Transform3D(1, 0, 0, 0, 0, 1, 0, -1, 0, 0, 0, 0)
shape = SubResource("CapsuleShape3D_155w1")

[node name="Physical Bone shin_L" type="PhysicalBone3D" parent="metarig/Skeleton3D/PhysicalBoneSimulator3D" index="7" groups=["leg_bone"]]
transform = Transform3D(-0.102742, 0.19465, 0.975477, -0.975622, 0.171463, -0.136972, -0.19392, -0.96577, 0.172289, -0.0912695, 0.280596, -0.234543)
collision_layer = 0
collision_mask = 0
joint_type = 3
joint_offset = Transform3D(1, 0, 0, 0, 1, 0, 0, 0, 1, -0.202591, 0.0227517, -0.0248186)
body_offset = Transform3D(-0.133176, -0.0980151, 0.986234, 0.986249, -0.111362, 0.12211, 0.0978621, 0.988932, 0.111499, -0.000273198, 0.205369, 9.32813e-05)
mass = 6.0
bone_name = "shin.L"
joint_constraints/angular_limit_enabled = true
joint_constraints/angular_limit_upper = 170.0
joint_constraints/angular_limit_lower = 0.0
joint_constraints/angular_limit_bias = 0.3
joint_constraints/angular_limit_softness = 0.9
joint_constraints/angular_limit_relaxation = 1.0

[node name="CollisionShape3D" type="CollisionShape3D" parent="metarig/Skeleton3D/PhysicalBoneSimulator3D/Physical Bone shin_L" index="0"]
transform = Transform3D(0.135456, -0.98595, -0.0977443, 0.0977969, -0.0848666, 0.991581, -0.985945, -0.143875, 0.0849272, -4.18723e-05, 2.87024e-05, -2.85357e-06)
shape = SubResource("CapsuleShape3D_htdfc")

[node name="Physical Bone thigh_R" type="PhysicalBone3D" parent="metarig/Skeleton3D/PhysicalBoneSimulator3D" index="8" groups=["leg_bone"]]
transform = Transform3D(0.942261, 0.331524, -0.0472851, 0.0386508, 0.0325933, 0.998721, 0.332641, -0.942884, 0.0178978, 0.104221, 0.639803, 0.0157773)
collision_layer = 0
collision_mask = 0
joint_type = 2
joint_offset = Transform3D(0.999998, 0, 0, 0, -3.61998e-06, -0.999999, 0, 0.999998, -3.61999e-06, -0.00011468, -0.000420342, 0.236828)
joint_rotation = Vector3(1.5708, 0, 0)
body_offset = Transform3D(1, 2.32458e-06, -4.77512e-05, -4.77508e-05, -0.000132108, -1, -2.35438e-06, 0.999999, -0.000132062, 0.000125989, 0.236828, 0.000451617)
mass = 8.0
bone_name = "thigh.R"
joint_constraints/swing_span = 83.15
joint_constraints/twist_span = 0.0
joint_constraints/bias = 0.3
joint_constraints/softness = 0.8
joint_constraints/relaxation = 1.0

[node name="CollisionShape3D" type="CollisionShape3D" parent="metarig/Skeleton3D/PhysicalBoneSimulator3D/Physical Bone thigh_R" index="0"]
transform = Transform3D(1, 0, 0, 0, 0, 1, 0, -1, 0, 0, 0, 0)
shape = SubResource("CapsuleShape3D_gm04t")

[node name="Physical Bone shin_R" type="PhysicalBone3D" parent="metarig/Skeleton3D/PhysicalBoneSimulator3D" index="9" groups=["leg_bone"]]
transform = Transform3D(-0.138829, 0.225713, 0.964251, -0.891758, -0.451947, -0.0225998, 0.43069, -0.863016, 0.264025, 0.0866144, 0.247716, 0.122971)
collision_layer = 0
collision_mask = 0
joint_type = 3
joint_offset = Transform3D(1, 0, 0, 0, 0.999996, 0, 0, 0, 0.999996, -0.20278, 0.0252553, -0.00622104)
body_offset = Transform3D(-0.0357446, -0.0991706, 0.994428, 0.994991, -0.0964862, 0.0261426, 0.0933572, 0.990381, 0.102123, 0.0014427, 0.204363, -0.00544614)
mass = 3.0
bone_name = "shin.R"
joint_constraints/angular_limit_enabled = true
joint_constraints/angular_limit_upper = 170.0
joint_constraints/angular_limit_lower = 0.0
joint_constraints/angular_limit_bias = 0.3
joint_constraints/angular_limit_softness = 0.9
joint_constraints/angular_limit_relaxation = 1.0

[node name="CollisionShape3D" type="CollisionShape3D" parent="metarig/Skeleton3D/PhysicalBoneSimulator3D/Physical Bone shin_R" index="0"]
transform = Transform3D(-0.0131066, -0.994499, -0.103926, 0.0954806, -0.104705, 0.989909, -0.995345, 0.00305143, 0.0963277, 0.0149769, -0.00487797, 4.20734e-05)
shape = SubResource("CapsuleShape3D_diewo")

[node name="CollisionShape3D" type="CollisionShape3D" parent="." index="1"]
transform = Transform3D(1, 0, 0, 0, 1, 0, 0, 0, 1, 0, 0.912438, 0)
shape = SubResource("CapsuleShape3D_yt1gq")

[node name="AnimationTree" type="AnimationTree" parent="." index="2"]
callback_mode_method = 1
tree_root = SubResource("AnimationNodeBlendTree_uj8ym")
anim_player = NodePath("../AnimationPlayer")
parameters/CombatWalkBlend/blend_amount = 0.0
parameters/OneShot/active = false
parameters/OneShot/internal_active = false
parameters/OneShot/request = 0
parameters/OneShotState/current_state = "READY_WEAPON_POST"
parameters/OneShotState/transition_request = ""
parameters/OneShotState/current_index = 3
parameters/RunBlend/blend_amount = 0
parameters/State/current_state = "IDLE"
parameters/State/transition_request = ""
parameters/State/current_index = 0

[node name="AnimationPlayer" type="AnimationPlayer" parent="." index="3"]
libraries = {
&"": SubResource("AnimationLibrary_rcpg0"),
&"humanoid_animations": ExtResource("3_spnwm")
}
